5000 235434
4999 234759
4998 234759
4997 234759
4996 234759
4995 234759
4994 234759
4993 234076
4992 234076
4991 234076
4990 234076
4989 234076
4988 234076
4987 233398
4986 233398
4985 233398
4984 233398
4983 233398
4982 233398
4981 233398
4980 233398
4979 233398
4978 233398
4977 233398
4976 233398
4975 233398
4974 233398
4973 232700
4972 232700
4971 232700
4970 232700
4969 232029
4968 232029
4967 231362
4966 231362
4965 231362
4964 231362
4963 231362
4962 231362
4961 231362
4960 231362
4959 231362
4958 231362
4957 230679
4956 230679
4955 230679
4954 230679
4953 230679
4952 230679
4951 230007
4950 230007
4949 230007
4948 230007
4947 230007
4946 230007
4945 230007
4944 230007
4943 229331
4942 229331
4941 229331
4940 229331
4939 229331
4938 229331
4937 228659
4936 228659
4935 228659
4934 228659
4933 227994
4932 227994
4931 227333
4930 227333
4929 227333
4928 227333
4927 227333
4926 227333
4925 227333
4924 227333
4923 227333
4922 227333
4921 227333
4920 227333
4919 226651
4918 226651
4917 226651
4916 226651
4915 226651
4914 226651
4913 226651
4912 226651
4911 226651
4910 226651
4909 225974
4908 225974
4907 225974
4906 225974
4905 225974
4904 225974
4903 225308
4902 225308
4901 225308
4900 225308
4899 225308
4898 225308
4897 225308
4896 225308
4895 225308
4894 225308
4893 225308
4892 225308
4891 225308
4890 225308
4889 224596
4888 224596
4887 224596
4886 224596
4885 224596
4884 224596
4883 224596
4882 224596
4881 224596
4880 224596
4879 224596
4878 224596
4877 223916
4876 223916
4875 223916
4874 223916
4873 223916
4872 223916
4871 223252
4870 223252
4869 223252
4868 223252
4867 223252
4866 223252
4865 223252
4864 223252
4863 223252
4862 223252
4861 222576
4860 222576
4859 222576
4858 222576
4857 222576
4856 222576
4855 222576
4854 222576
4853 222576
4852 222576
4851 222576
4850 222576
4849 222576
4848 222576
4847 222576
4846 222576
4845 222576
4844 222576
4843 222576
4842 222576
4841 222576
4840 222576
4839 222576
4838 222576
4837 222576
4836 222576
4835 222576
4834 222576
4833 222576
4832 222576
4831 221823
4830 221823
4829 221823
4828 221823
4827 221823
4826 221823
4825 221823
4824 221823
4823 221823
4822 221823
4821 221823
4820 221823
4819 221823
4818 221823
4817 221131
4816 221131
4815 221131
4814 221131
4813 220477
4812 220477
4811 220477
4810 220477
4809 220477
4808 220477
4807 220477
4806 220477
4805 220477
4804 220477
4803 220477
4802 220477
4801 219803
4800 219803
4799 219154
4798 219154
4797 219154
4796 219154
4795 219154
4794 219154
4793 218499
4792 218499
4791 218499
4790 218499
4789 217849
4788 217849
4787 217203
4786 217203
4785 217203
4784 217203
4783 216555
4782 216555
4781 216555
4780 216555
4779 216555
4778 216555
4777 216555
4776 216555
4775 216555
4774 216555
4773 216555
4772 216555
4771 216555
4770 216555
4769 216555
4768 216555
4767 216555
4766 216555
4765 216555
4764 216555
4763 216555
4762 216555
4761 216555
4760 216555
4759 215856
4758 215856
4757 215856
4756 215856
4755 215856
4754 215856
4753 215856
4752 215856
4751 215185
4750 215185
4749 215185
4748 215185
4747 215185
4746 215185
4745 215185
4744 215185
4743 215185
4742 215185
4741 215185
4740 215185
4739 215185
4738 215185
4737 215185
4736 215185
4735 215185
4734 215185
4733 214499
4732 214499
4731 214499
4730 214499
4729 213855
4728 213855
4727 213855
4726 213855
4725 213855
4724 213855
4723 213201
4722 213201
4721 212562
4720 212562
4719 212562
4718 212562
4717 212562
4716 212562
4715 212562
4714 212562
4713 212562
4712 212562
4711 212562
4710 212562
4709 212562
4708 212562
4707 212562
4706 212562
4705 212562
4704 212562
4703 211877
4702 211877
4701 211877
4700 211877
4699 211877
4698 211877
4697 211877
4696 211877
4695 211877
4694 211877
4693 211877
4692 211877
4691 211209
4690 211209
4689 211209
4688 211209
4687 211209
4686 211209
4685 211209
4684 211209
4683 211209
4682 211209
4681 211209
4680 211209
4679 210536
4678 210536
4677 210536
4676 210536
4675 210536
4674 210536
4673 209894
4672 209894
4671 209894
4670 209894
4669 209894
4668 209894
4667 209894
4666 209894
4665 209894
4664 209894
4663 209242
4662 209242
4661 209242
4660 209242
4659 209242
4658 209242
4657 208588
4656 208588
4655 208588
4654 208588
4653 208588
4652 208588
4651 207949
4650 207949
4649 207318
4648 207318
4647 207318
4646 207318
4645 207318
4644 207318
4643 206681
4642 206681
4641 206681
4640 206681
4639 206049
4638 206049
4637 205421
4636 205421
4635 205421
4634 205421
4633 205421
4632 205421
4631 205421
4630 205421
4629 205421
4628 205421
4627 205421
4626 205421
4625 205421
4624 205421
4623 205421
4622 205421
4621 204756
4620 204756
4619 204756
4618 204756
4617 204756
4616 204756
4615 204756
4614 204756
4613 204756
4612 204756
4611 204756
4610 204756
4609 204756
4608 204756
4607 204756
4606 204756
4605 204756
4604 204756
4603 204086
4602 204086
4601 204086
4600 204086
4599 204086
4598 204086
4597 203443
4596 203443
4595 203443
4594 203443
4593 203443
4592 203443
4591 202812
4590 202812
4589 202812
4588 202812
4587 202812
4586 202812
4585 202812
4584 202812
4583 202175
4582 202175
4581 202175
4580 202175
4579 202175
4578 202175
4577 202175
4576 202175
4575 202175
4574 202175
4573 202175
4572 202175
4571 202175
4570 202175
4569 202175
4568 202175
4567 201512
4566 201512
4565 201512
4564 201512
4563 201512
4562 201512
4561 200884
4560 200884
4559 200884
4558 200884
4557 200884
4556 200884
4555 200884
4554 200884
4553 200884
4552 200884
4551 200884
4550 200884
4549 200227
4548 200227
4547 199608
4546 199608
4545 199608
4544 199608
4543 199608
4542 199608
4541 199608
4540 199608
4539 199608
4538 199608
4537 199608
4536 199608
4535 199608
4534 199608
4533 199608
4532 199608
4531 199608
4530 199608
4529 199608
4528 199608
4527 199608
4526 199608
4525 199608
4524 199608
4523 198934
4522 198934
4521 198934
4520 198934
4519 198314
4518 198314
4517 197698
4516 197698
4515 197698
4514 197698
4513 197080
4512 197080
4511 197080
4510 197080
4509 197080
4508 197080
4507 196456
4506 196456
4505 196456
4504 196456
4503 196456
4502 196456
4501 196456
4500 196456
4499 196456
4498 196456
4497 196456
4496 196456
4495 196456
4494 196456
4493 195818
4492 195818
4491 195818
4490 195818
4489 195818
4488 195818
4487 195818
4486 195818
4485 195818
4484 195818
4483 195175
4482 195175
4481 194564
4480 194564
4479 194564
4478 194564
4477 194564
4476 194564
4475 194564
4474 194564
4473 194564
4472 194564
4471 194564
4470 194564
4469 194564
4468 194564
4467 194564
4466 194564
4465 194564
4464 194564
4463 193909
4462 193909
4461 193909
4460 193909
4459 193909
4458 193909
4457 193292
4456 193292
4455 193292
4454 193292
4453 193292
4452 193292
4451 192662
4450 192662
4449 192662
4448 192662
4447 192052
4446 192052
4445 192052
4444 192052
4443 192052
4442 192052
4441 191439
4440 191439
4439 191439
4438 191439
4437 191439
4436 191439
4435 191439
4434 191439
4433 191439
4432 191439
4431 191439
4430 191439
4429 191439
4428 191439
4427 191439
4426 191439
4425 191439
4424 191439
4423 190781
4422 190781
4421 190177
4420 190177
4419 190177
4418 190177
4417 190177
4416 190177
4415 190177
4414 190177
4413 190177
4412 190177
4411 190177
4410 190177
4409 189553
4408 189553
4407 189553
4406 189553
4405 189553
4404 189553
4403 189553
4402 189553
4401 189553
4400 189553
4399 189553
4398 189553
4397 188919
4396 188919
4395 188919
4394 188919
4393 188919
4392 188919
4391 188305
4390 188305
4389 188305
4388 188305
4387 188305
4386 188305
4385 188305
4384 188305
4383 188305
4382 188305
4381 188305
4380 188305
4379 188305
4378 188305
4377 188305
4376 188305
4375 188305
4374 188305
4373 187656
4372 187656
4371 187656
4370 187656
4369 187656
4368 187656
4367 187656
4366 187656
4365 187656
4364 187656
4363 187037
4362 187037
4361 187037
4360 187037
4359 187037
4358 187037
4357 186431
4356 186431
4355 186431
4354 186431
4353 186431
4352 186431
4351 186431
4350 186431
4349 185818
4348 185818
4347 185818
4346 185818
4345 185818
4344 185818
4343 185818
4342 185818
4341 185818
4340 185818
4339 185197
4338 185197
4337 184602
4336 184602
4335 184602
4334 184602
4333 184602
4332 184602
4331 184602
4330 184602
4329 184602
4328 184602
4327 183978
4326 183978
4325 183978
4324 183978
4323 183978
4322 183978
4321 183978
4320 183978
4319 183978
4318 183978
4317 183978
4316 183978
4315 183978
4314 183978
4313 183978
4312 183978
4311 183978
4310 183978
4309 183978
4308 183978
4307 183978
4306 183978
4305 183978
4304 183978
4303 183978
4302 183978
4301 183978
4300 183978
4299 183978
4298 183978
4297 183294
4296 183294
4295 183294
4294 183294
4293 183294
4292 183294
4291 183294
4290 183294
4289 182690
4288 182690
4287 182690
4286 182690
4285 182690
4284 182690
4283 182092
4282 182092
4281 182092
4280 182092
4279 182092
4278 182092
4277 182092
4276 182092
4275 182092
4274 182092
4273 181485
4272 181485
4271 180896
4270 180896
4269 180896
4268 180896
4267 180896
4266 180896
4265 180896
4264 180896
4263 180896
4262 180896
4261 180290
4260 180290
4259 179703
4258 179703
4257 179703
4256 179703
4255 179703
4254 179703
4253 179110
4252 179110
4251 179110
4250 179110
4249 179110
4248 179110
4247 179110
4246 179110
4245 179110
4244 179110
4243 178502
4242 178502
4241 177918
4240 177918
4239 177918
4238 177918
4237 177918
4236 177918
4235 177918
4234 177918
4233 177918
4232 177918
4231 177316
4230 177316
4229 176734
4228 176734
4227 176734
4226 176734
4225 176734
4224 176734
4223 176734
4222 176734
4221 176734
4220 176734
4219 176129
4218 176129
4217 175549
4216 175549
4215 175549
4214 175549
4213 175549
4212 175549
4211 174961
4210 174961
4209 174961
4208 174961
4207 174961
4206 174961
4205 174961
4204 174961
4203 174961
4202 174961
4201 174368
4200 174368
4199 174368
4198 174368
4197 174368
4196 174368
4195 174368
4194 174368
4193 174368
4192 174368
4191 174368
4190 174368
4189 174368
4188 174368
4187 174368
4186 174368
4185 174368
4184 174368
4183 174368
4182 174368
4181 174368
4180 174368
4179 174368
4178 174368
4177 173699
4176 173699
4175 173699
4174 173699
4173 173699
4172 173699
4171 173699
4170 173699
4169 173699
4168 173699
4167 173699
4166 173699
4165 173699
4164 173699
4163 173699
4162 173699
4161 173699
4160 173699
4159 173075
4158 173075
4157 172500
4156 172500
4155 172500
4154 172500
4153 171923
4152 171923
4151 171923
4150 171923
4149 171923
4148 171923
4147 171923
4146 171923
4145 171923
4144 171923
4143 171923
4142 171923
4141 171923
4140 171923
4139 171315
4138 171315
4137 171315
4136 171315
4135 171315
4134 171315
4133 170736
4132 170736
4131 170736
4130 170736
4129 170162
4128 170162
4127 169592
4126 169592
4125 169592
4124 169592
4123 169592
4122 169592
4121 169592
4120 169592
4119 169592
4118 169592
4117 169592
4116 169592
4115 169592
4114 169592
4113 169592
4112 169592
4111 168988
4110 168988
4109 168988
4108 168988
4107 168988
4106 168988
4105 168988
4104 168988
4103 168988
4102 168988
4101 168988
4100 168988
4099 168399
4098 168399
4097 168399
4096 168399
4095 168399
4094 168399
4093 167821
4092 167821
4091 167255
4090 167255
4089 167255
4088 167255
4087 167255
4086 167255
4085 167255
4084 167255
4083 167255
4082 167255
4081 167255
4080 167255
4079 166656
4078 166656
4077 166656
4076 166656
4075 166656
4074 166656
4073 166085
4072 166085
4071 166085
4070 166085
4069 166085
4068 166085
4067 166085
4066 166085
4065 166085
4064 166085
4063 166085
4062 166085
4061 166085
4060 166085
4059 166085
4058 166085
4057 165481
4056 165481
4055 165481
4054 165481
4053 165481
4052 165481
4051 164912
4050 164912
4049 164351
4048 164351
4047 164351
4046 164351
4045 164351
4044 164351
4043 164351
4042 164351
4041 164351
4040 164351
4039 164351
4038 164351
4037 164351
4036 164351
4035 164351
4034 164351
4033 164351
4032 164351
4031 164351
4030 164351
4029 164351
4028 164351
4027 163733
4026 163733
4025 163733
4024 163733
4023 163733
4022 163733
4021 163167
4020 163167
4019 162609
4018 162609
4017 162609
4016 162609
4015 162609
4014 162609
4013 162045
4012 162045
4011 162045
4010 162045
4009 162045
4008 162045
4007 161477
4006 161477
4005 161477
4004 161477
4003 160919
4002 160919
4001 160365
4000 160365
3999 160365
3998 160365
3997 160365
3996 160365
3995 160365
3994 160365
3993 160365
3992 160365
3991 160365
3990 160365
3989 159790
3988 159790
3987 159790
3986 159790
3985 159790
3984 159790
3983 159790
3982 159790
3981 159790
3980 159790
3979 159790
3978 159790
3977 159790
3976 159790
3975 159790
3974 159790
3973 159790
3972 159790
3971 159790
3970 159790
3969 159790
3968 159790
3967 159176
3966 159176
3965 159176
3964 159176
3963 159176
3962 159176
3961 159176
3960 159176
3959 159176
3958 159176
3957 159176
3956 159176
3955 159176
3954 159176
3953 159176
3952 159176
3951 159176
3950 159176
3949 159176
3948 159176
3947 158563
3946 158563
3945 158563
3944 158563
3943 158010
3942 158010
3941 158010
3940 158010
3939 158010
3938 158010
3937 158010
3936 158010
3935 158010
3934 158010
3933 158010
3932 158010
3931 157434
3930 157434
3929 156886
3928 156886
3927 156886
3926 156886
3925 156886
3924 156886
3923 156332
3922 156332
3921 156332
3920 156332
3919 155783
3918 155783
3917 155238
3916 155238
3915 155238
3914 155238
3913 155238
3912 155238
3911 154686
3910 154686
3909 154686
3908 154686
3907 154140
3906 154140
3905 154140
3904 154140
3903 154140
3902 154140
3901 154140
3900 154140
3899 154140
3898 154140
3897 154140
3896 154140
3895 154140
3894 154140
3893 154140
3892 154140
3891 154140
3890 154140
3889 153552
3888 153552
3887 153552
3886 153552
3885 153552
3884 153552
3883 153552
3882 153552
3881 152995
3880 152995
3879 152995
3878 152995
3877 152452
3876 152452
3875 152452
3874 152452
3873 152452
3872 152452
3871 152452
3870 152452
3869 152452
3868 152452
3867 152452
3866 152452
3865 152452
3864 152452
3863 151877
3862 151877
3861 151877
3860 151877
3859 151877
3858 151877
3857 151877
3856 151877
3855 151877
3854 151877
3853 151320
3852 151320
3851 150783
3850 150783
3849 150783
3848 150783
3847 150244
3846 150244
3845 150244
3844 150244
3843 150244
3842 150244
3841 150244
3840 150244
3839 150244
3838 150244
3837 150244
3836 150244
3835 150244
3834 150244
3833 149679
3832 149679
3831 149679
3830 149679
3829 149679
3828 149679
3827 149679
3826 149679
3825 149679
3824 149679
3823 149119
3822 149119
3821 148586
3820 148586
3819 148586
3818 148586
3817 148586
3816 148586
3815 148586
3814 148586
3813 148586
3812 148586
3811 148586
3810 148586
3809 148586
3808 148586
3807 148586
3806 148586
3805 148586
3804 148586
3803 148011
3802 148011
3801 148011
3800 148011
3799 148011
3798 148011
3797 147466
3796 147466
3795 147466
3794 147466
3793 146933
3792 146933
3791 146933
3790 146933
3789 146933
3788 146933
3787 146933
3786 146933
3785 146933
3784 146933
3783 146933
3782 146933
3781 146933
3780 146933
3779 146372
3778 146372
3777 146372
3776 146372
3775 146372
3774 146372
3773 146372
3772 146372
3771 146372
3770 146372
3769 145829
3768 145829
3767 145302
3766 145302
3765 145302
3764 145302
3763 145302
3762 145302
3761 144756
3760 144756
3759 144756
3758 144756
3757 144756
3756 144756
3755 144756
3754 144756
3753 144756
3752 144756
3751 144756
3750 144756
3749 144756
3748 144756
3747 144756
3746 144756
3745 144756
3744 144756
3743 144756
3742 144756
3741 144756
3740 144756
3739 144179
3738 144179
3737 144179
3736 144179
3735 144179
3734 144179
3733 143639
3732 143639
3731 143639
3730 143639
3729 143639
3728 143639
3727 143108
3726 143108
3725 143108
3724 143108
3723 143108
3722 143108
3721 143108
3720 143108
3719 142560
3718 142560
3717 142560
3716 142560
3715 142560
3714 142560
3713 142560
3712 142560
3711 142560
3710 142560
3709 142013
3708 142013
3707 142013
3706 142013
3705 142013
3704 142013
3703 142013
3702 142013
3701 141479
3700 141479
3699 141479
3698 141479
3697 140957
3696 140957
3695 140957
3694 140957
3693 140957
3692 140957
3691 140432
3690 140432
3689 140432
3688 140432
3687 140432
3686 140432
3685 140432
3684 140432
3683 140432
3682 140432
3681 140432
3680 140432
3679 140432
3678 140432
3677 139882
3676 139882
3675 139882
3674 139882
3673 139363
3672 139363
3671 138848
3670 138848
3669 138848
3668 138848
3667 138848
3666 138848
3665 138848
3664 138848
3663 138848
3662 138848
3661 138848
3660 138848
3659 138310
3658 138310
3657 138310
3656 138310
3655 138310
3654 138310
3653 138310
3652 138310
3651 138310
3650 138310
3649 138310
3648 138310
3647 138310
3646 138310
3645 138310
3644 138310
3643 137758
3642 137758
3641 137758
3640 137758
3639 137758
3638 137758
3637 137237
3636 137237
3635 137237
3634 137237
3633 137237
3632 137237
3631 136719
3630 136719
3629 136719
3628 136719
3627 136719
3626 136719
3625 136719
3624 136719
3623 136193
3622 136193
3621 136193
3620 136193
3619 136193
3618 136193
3617 135676
3616 135676
3615 135676
3614 135676
3613 135165
3612 135165
3611 135165
3610 135165
3609 135165
3608 135165
3607 134645
3606 134645
3605 134645
3604 134645
3603 134645
3602 134645
3601 134645
3600 134645
3599 134645
3598 134645
3597 134645
3596 134645
3595 134645
3594 134645
3593 134100
3592 134100
3591 134100
3590 134100
3589 134100
3588 134100
3587 134100
3586 134100
3585 134100
3584 134100
3583 133568
3582 133568
3581 133064
3580 133064
3579 133064
3578 133064
3577 133064
3576 133064
3575 133064
3574 133064
3573 133064
3572 133064
3571 132546
3570 132546
3569 132546
3568 132546
3567 132546
3566 132546
3565 132546
3564 132546
3563 132546
3562 132546
3561 132546
3560 132546
3559 132014
3558 132014
3557 131513
3556 131513
3555 131513
3554 131513
3553 131513
3552 131513
3551 131513
3550 131513
3549 131513
3548 131513
3547 130984
3546 130984
3545 130984
3544 130984
3543 130984
3542 130984
3541 130478
3540 130478
3539 129980
3538 129980
3537 129980
3536 129980
3535 129980
3534 129980
3533 129476
3532 129476
3531 129476
3530 129476
3529 128977
3528 128977
3527 128482
3526 128482
3525 128482
3524 128482
3523 128482
3522 128482
3521 128482
3520 128482
3519 128482
3518 128482
3517 127970
3516 127970
3515 127970
3514 127970
3513 127970
3512 127970
3511 127470
3510 127470
3509 127470
3508 127470
3507 127470
3506 127470
3505 127470
3504 127470
3503 127470
3502 127470
3501 127470
3500 127470
3499 126950
3498 126950
3497 126950
3496 126950
3495 126950
3494 126950
3493 126950
3492 126950
3491 126444
3490 126444
3489 126444
3488 126444
3487 126444
3486 126444
3485 126444
3484 126444
3483 126444
3482 126444
3481 126444
3480 126444
3479 126444
3478 126444
3477 126444
3476 126444
3475 126444
3474 126444
3473 126444
3472 126444
3471 126444
3470 126444
3469 125895
3468 125895
3467 125406
3466 125406
3465 125406
3464 125406
3463 124915
3462 124915
3461 124428
3460 124428
3459 124428
3458 124428
3457 123939
3456 123939
3455 123939
3454 123939
3453 123939
3452 123939
3451 123939
3450 123939
3449 123442
3448 123442
3447 123442
3446 123442
3445 123442
3444 123442
3443 123442
3442 123442
3441 123442
3440 123442
3439 123442
3438 123442
3437 123442
3436 123442
3435 123442
3434 123442
3433 122925
3432 122925
3431 122925
3430 122925
3429 122925
3428 122925
3427 122925
3426 122925
3425 122925
3424 122925
3423 122925
3422 122925
3421 122925
3420 122925
3419 122925
3418 122925
3417 122925
3416 122925
3415 122925
3414 122925
3413 122386
3412 122386
3411 122386
3410 122386
3409 122386
3408 122386
3407 121896
3406 121896
3405 121896
3404 121896
3403 121896
3402 121896
3401 121896
3400 121896
3399 121896
3398 121896
3397 121896
3396 121896
3395 121896
3394 121896
3393 121896
3392 121896
3391 121364
3390 121364
3389 120884
3388 120884
3387 120884
3386 120884
3385 120884
3384 120884
3383 120884
3382 120884
3381 120884
3380 120884
3379 120884
3378 120884
3377 120884
3376 120884
3375 120884
3374 120884
3373 120366
3372 120366
3371 119888
3370 119888
3369 119888
3368 119888
3367 119888
3366 119888
3365 119888
3364 119888
3363 119888
3362 119888
3361 119396
3360 119396
3359 118920
3358 118920
3357 118920
3356 118920
3355 118920
3354 118920
3353 118920
3352 118920
3351 118920
3350 118920
3349 118920
3348 118920
3347 118422
3346 118422
3345 118422
3344 118422
3343 117945
3342 117945
3341 117945
3340 117945
3339 117945
3338 117945
3337 117945
3336 117945
3335 117945
3334 117945
3333 117945
3332 117945
3331 117439
3330 117439
3329 116967
3328 116967
3327 116967
3326 116967
3325 116967
3324 116967
3323 116489
3322 116489
3321 116489
3320 116489
3319 116016
3318 116016
3317 116016
3316 116016
3315 116016
3314 116016
3313 115532
3312 115532
3311 115532
3310 115532
3309 115532
3308 115532
3307 115056
3306 115056
3305 115056
3304 115056
3303 115056
3302 115056
3301 114582
3300 114582
3299 114116
3298 114116
3297 114116
3296 114116
3295 114116
3294 114116
3293 114116
3292 114116
3291 114116
3290 114116
3289 114116
3288 114116
3287 114116
3286 114116
3285 114116
3284 114116
3283 114116
3282 114116
3281 114116
3280 114116
3279 114116
3278 114116
3277 114116
3276 114116
3275 114116
3274 114116
3273 114116
3272 114116
3271 113576
3270 113576
3269 113576
3268 113576
3267 113576
3266 113576
3265 113576
3264 113576
3263 113576
3262 113576
3261 113576
3260 113576
3259 113090
3258 113090
3257 112627
3256 112627
3255 112627
3254 112627
3253 112162
3252 112162
3251 111701
3250 111701
3249 111701
3248 111701
3247 111701
3246 111701
3245 111701
3244 111701
3243 111701
3242 111701
3241 111701
3240 111701
3239 111701
3238 111701
3237 111701
3236 111701
3235 111701
3234 111701
3233 111701
3232 111701
3231 111701
3230 111701
3229 111177
3228 111177
3227 111177
3226 111177
3225 111177
3224 111177
3223 111177
3222 111177
3221 110704
3220 110704
3219 110704
3218 110704
3217 110243
3216 110243
3215 110243
3214 110243
3213 110243
3212 110243
3211 110243
3210 110243
3209 109772
3208 109772
3207 109772
3206 109772
3205 109772
3204 109772
3203 109309
3202 109309
3201 109309
3200 109309
3199 109309
3198 109309
3197 109309
3196 109309
3195 109309
3194 109309
3193 109309
3192 109309
3191 108821
3190 108821
3189 108821
3188 108821
3187 108364
3186 108364
3185 108364
3184 108364
3183 108364
3182 108364
3181 107904
3180 107904
3179 107904
3178 107904
3177 107904
3176 107904
3175 107904
3174 107904
3173 107904
3172 107904
3171 107904
3170 107904
3169 107427
3168 107427
3167 106976
3166 106976
3165 106976
3164 106976
3163 106523
3162 106523
3161 106523
3160 106523
3159 106523
3158 106523
3157 106523
3156 106523
3155 106523
3154 106523
3153 106523
3152 106523
3151 106523
3150 106523
3149 106523
3148 106523
3147 106523
3146 106523
3145 106523
3144 106523
3143 106523
3142 106523
3141 106523
3140 106523
3139 106523
3138 106523
3137 105992
3136 105992
3135 105992
3134 105992
3133 105992
3132 105992
3131 105992
3130 105992
3129 105992
3128 105992
3127 105992
3126 105992
3125 105992
3124 105992
3123 105992
3122 105992
3121 105495
3120 105495
3119 105048
3118 105048
3117 105048
3116 105048
3115 105048
3114 105048
3113 105048
3112 105048
3111 105048
3110 105048
3109 104586
3108 104586
3107 104586
3106 104586
3105 104586
3104 104586
3103 104586
3102 104586
3101 104586
3100 104586
3099 104586
3098 104586
3097 104586
3096 104586
3095 104586
3094 104586
3093 104586
3092 104586
3091 104586
3090 104586
3089 104090
3088 104090
3087 104090
3086 104090
3085 104090
3084 104090
3083 103639
3082 103639
3081 103639
3080 103639
3079 103193
3078 103193
3077 103193
3076 103193
3075 103193
3074 103193
3073 103193
3072 103193
3071 103193
3070 103193
3069 103193
3068 103193
3067 102719
3066 102719
3065 102719
3064 102719
3063 102719
3062 102719
3061 102271
3060 102271
3059 102271
3058 102271
3057 102271
3056 102271
3055 102271
3054 102271
3053 102271
3052 102271
3051 102271
3050 102271
3049 101801
3048 101801
3047 101801
3046 101801
3045 101801
3044 101801
3043 101801
3042 101801
3041 101345
3040 101345
3039 101345
3038 101345
3037 100904
3036 100904
3035 100904
3034 100904
3033 100904
3032 100904
3031 100904
3030 100904
3029 100904
3028 100904
3027 100904
3026 100904
3025 100904
3024 100904
3023 100441
3022 100441
3021 100441
3020 100441
3019 100002
3018 100002
3017 100002
3016 100002
3015 100002
3014 100002
3013 100002
3012 100002
3011 99549
3010 99549
3009 99549
3008 99549
3007 99549
3006 99549
3005 99549
3004 99549
3003 99549
3002 99549
3001 99093
3000 99093
2999 98660
2998 98660
2997 98660
2996 98660
2995 98660
2994 98660
2993 98660
2992 98660
2991 98660
2990 98660
2989 98660
2988 98660
2987 98660
2986 98660
2985 98660
2984 98660
2983 98660
2982 98660
2981 98660
2980 98660
2979 98660
2978 98660
2977 98660
2976 98660
2975 98660
2974 98660
2973 98660
2972 98660
2971 98153
2970 98153
2969 97722
2968 97722
2967 97722
2966 97722
2965 97722
2964 97722
2963 97285
2962 97285
2961 97285
2960 97285
2959 97285
2958 97285
2957 96847
2956 96847
2955 96847
2954 96847
2953 96416
2952 96416
2951 96416
2950 96416
2949 96416
2948 96416
2947 96416
2946 96416
2945 96416
2944 96416
2943 96416
2942 96416
2941 96416
2940 96416
2939 95959
2938 95959
2937 95959
2936 95959
2935 95959
2934 95959
2933 95959
2932 95959
2931 95959
2930 95959
2929 95959
2928 95959
2927 95507
2926 95507
2925 95507
2924 95507
2923 95507
2922 95507
2921 95507
2920 95507
2919 95507
2918 95507
2917 95053
2916 95053
2915 95053
2914 95053
2913 95053
2912 95053
2911 95053
2910 95053
2909 94608
2908 94608
2907 94608
2906 94608
2905 94608
2904 94608
2903 94178
2902 94178
2901 94178
2900 94178
2899 94178
2898 94178
2897 93746
2896 93746
2895 93746
2894 93746
2893 93746
2892 93746
2891 93746
2890 93746
2889 93746
2888 93746
2887 93308
2886 93308
2885 93308
2884 93308
2883 93308
2882 93308
2881 93308
2880 93308
2879 92866
2878 92866
2877 92866
2876 92866
2875 92866
2874 92866
2873 92866
2872 92866
2871 92866
2870 92866
2869 92866
2868 92866
2867 92866
2866 92866
2865 92866
2864 92866
2863 92866
2862 92866
2861 92397
2860 92397
2859 92397
2858 92397
2857 91976
2856 91976
2855 91976
2854 91976
2853 91976
2852 91976
2851 91552
2850 91552
2849 91552
2848 91552
2847 91552
2846 91552
2845 91552
2844 91552
2843 91124
2842 91124
2841 91124
2840 91124
2839 91124
2838 91124
2837 90698
2836 90698
2835 90698
2834 90698
2833 90281
2832 90281
2831 90281
2830 90281
2829 90281
2828 90281
2827 90281
2826 90281
2825 90281
2824 90281
2823 90281
2822 90281
2821 90281
2820 90281
2819 89838
2818 89838
2817 89838
2816 89838
2815 89838
2814 89838
2813 89838
2812 89838
2811 89838
2810 89838
2809 89838
2808 89838
2807 89838
2806 89838
2805 89838
2804 89838
2803 89380
2802 89380
2801 88969
2800 88969
2799 88969
2798 88969
2797 88556
2796 88556
2795 88556
2794 88556
2793 88556
2792 88556
2791 88140
2790 88140
2789 87732
2788 87732
2787 87732
2786 87732
2785 87732
2784 87732
2783 87732
2782 87732
2781 87732
2780 87732
2779 87732
2778 87732
2777 87304
2776 87304
2775 87304
2774 87304
2773 87304
2772 87304
2771 87304
2770 87304
2769 87304
2768 87304
2767 86868
2766 86868
2765 86868
2764 86868
2763 86868
2762 86868
2761 86868
2760 86868
2759 86868
2758 86868
2757 86868
2756 86868
2755 86868
2754 86868
2753 86431
2752 86431
2751 86431
2750 86431
2749 86024
2748 86024
2747 86024
2746 86024
2745 86024
2744 86024
2743 86024
2742 86024
2741 85597
2740 85597
2739 85597
2738 85597
2737 85597
2736 85597
2735 85597
2734 85597
2733 85597
2732 85597
2731 85180
2730 85180
2729 84779
2728 84779
2727 84779
2726 84779
2725 84779
2724 84779
2723 84779
2722 84779
2721 84779
2720 84779
2719 84364
2718 84364
2717 84364
2716 84364
2715 84364
2714 84364
2713 83956
2712 83956
2711 83558
2710 83558
2709 83558
2708 83558
2707 83158
2706 83158
2705 83158
2704 83158
2703 83158
2702 83158
2701 83158
2700 83158
2699 82742
2698 82742
2697 82742
2696 82742
2695 82742
2694 82742
2693 82340
2692 82340
2691 82340
2690 82340
2689 81943
2688 81943
2687 81550
2686 81550
2685 81550
2684 81550
2683 81155
2682 81155
2681 81155
2680 81155
2679 81155
2678 81155
2677 80756
2676 80756
2675 80756
2674 80756
2673 80756
2672 80756
2671 80359
2670 80359
2669 80359
2668 80359
2667 80359
2666 80359
2665 80359
2664 80359
2663 79955
2662 79955
2661 79955
2660 79955
2659 79564
2658 79564
2657 79177
2656 79177
2655 79177
2654 79177
2653 79177
2652 79177
2651 79177
2650 79177
2649 79177
2648 79177
2647 78774
2646 78774
2645 78774
2644 78774
2643 78774
2642 78774
2641 78774
2640 78774
2639 78774
2638 78774
2637 78774
2636 78774
2635 78774
2634 78774
2633 78361
2632 78361
2631 78361
2630 78361
2629 78361
2628 78361
2627 78361
2626 78361
2625 78361
2624 78361
2623 78361
2622 78361
2621 77937
2620 77937
2619 77937
2618 77937
2617 77551
2616 77551
2615 77551
2614 77551
2613 77551
2612 77551
2611 77551
2610 77551
2609 77157
2608 77157
2607 77157
2606 77157
2605 77157
2604 77157
2603 77157
2602 77157
2601 77157
2600 77157
2599 77157
2598 77157
2597 77157
2596 77157
2595 77157
2594 77157
2593 76739
2592 76739
2591 76359
2590 76359
2589 76359
2588 76359
2587 76359
2586 76359
2585 76359
2584 76359
2583 76359
2582 76359
2581 76359
2580 76359
2579 75952
2578 75952
2577 75952
2576 75952
2575 75952
2574 75952
2573 75952
2572 75952
2571 75952
2570 75952
2569 75952
2568 75952
2567 75952
2566 75952
2565 75952
2564 75952
2563 75952
2562 75952
2561 75952
2560 75952
2559 75952
2558 75952
2557 75520
2556 75520
2555 75520
2554 75520
2553 75520
2552 75520
2551 75136
2550 75136
2549 74760
2548 74760
2547 74760
2546 74760
2545 74760
2544 74760
2543 74378
2542 74378
2541 74378
2540 74378
2539 74001
2538 74001
2537 74001
2536 74001
2535 74001
2534 74001
2533 74001
2532 74001
2531 73602
2530 73602
2529 73602
2528 73602
2527 73602
2526 73602
2525 73602
2524 73602
2523 73602
2522 73602
2521 73215
2520 73215
2519 73215
2518 73215
2517 73215
2516 73215
2515 73215
2514 73215
2513 73215
2512 73215
2511 73215
2510 73215
2509 73215
2508 73215
2507 73215
2506 73215
2505 73215
2504 73215
2503 72803
2502 72803
2501 72803
2500 72803
2499 72803
2498 72803
2497 72803
2496 72803
2495 72803
2494 72803
2493 72803
2492 72803
2491 72803
2490 72803
2489 72803
2488 72803
2487 72803
2486 72803
2485 72803
2484 72803
2483 72803
2482 72803
2481 72803
2480 72803
2479 72803
2478 72803
2477 72348
2476 72348
2475 72348
2474 72348
2473 71976
2472 71976
2471 71976
2470 71976
2469 71976
2468 71976
2467 71600
2466 71600
2465 71600
2464 71600
2463 71600
2462 71600
2461 71600
2460 71600
2459 71216
2458 71216
2457 71216
2456 71216
2455 71216
2454 71216
2453 71216
2452 71216
2451 71216
2450 71216
2449 71216
2448 71216
2447 70822
2446 70822
2445 70822
2444 70822
2443 70822
2442 70822
2441 70449
2440 70449
2439 70449
2438 70449
2437 70082
2436 70082
2435 70082
2434 70082
2433 70082
2432 70082
2431 70082
2430 70082
2429 70082
2428 70082
2427 70082
2426 70082
2425 70082
2424 70082
2423 69694
2422 69694
2421 69694
2420 69694
2419 69694
2418 69694
2417 69315
2416 69315
2415 69315
2414 69315
2413 69315
2412 69315
2411 68942
2410 68942
2409 68942
2408 68942
2407 68942
2406 68942
2405 68942
2404 68942
2403 68942
2402 68942
2401 68942
2400 68942
2399 68556
2398 68556
2397 68556
2396 68556
2395 68556
2394 68556
2393 68190
2392 68190
2391 68190
2390 68190
2389 67829
2388 67829
2387 67829
2386 67829
2385 67829
2384 67829
2383 67464
2382 67464
2381 67108
2380 67108
2379 67108
2378 67108
2377 66750
2376 66750
2375 66750
2374 66750
2373 66750
2372 66750
2371 66389
2370 66389
2369 66389
2368 66389
2367 66389
2366 66389
2365 66389
2364 66389
2363 66389
2362 66389
2361 66389
2360 66389
2359 66389
2358 66389
2357 66003
2356 66003
2355 66003
2354 66003
2353 66003
2352 66003
2351 65641
2350 65641
2349 65641
2348 65641
2347 65287
2346 65287
2345 65287
2344 65287
2343 65287
2342 65287
2341 64930
2340 64930
2339 64581
2338 64581
2337 64581
2336 64581
2335 64581
2334 64581
2333 64226
2332 64226
2331 64226
2330 64226
2329 64226
2328 64226
2327 64226
2326 64226
2325 64226
2324 64226
2323 64226
2322 64226
2321 64226
2320 64226
2319 64226
2318 64226
2317 64226
2316 64226
2315 64226
2314 64226
2313 64226
2312 64226
2311 63827
2310 63827
2309 63481
2308 63481
2307 63481
2306 63481
2305 63481
2304 63481
2303 63481
2302 63481
2301 63481
2300 63481
2299 63481
2298 63481
2297 63115
2296 63115
2295 63115
2294 63115
2293 62768
2292 62768
2291 62768
2290 62768
2289 62768
2288 62768
2287 62411
2286 62411
2285 62411
2284 62411
2283 62411
2282 62411
2281 62062
2280 62062
2279 62062
2278 62062
2277 62062
2276 62062
2275 62062
2274 62062
2273 61699
2272 61699
2271 61699
2270 61699
2269 61356
2268 61356
2267 61017
2266 61017
2265 61017
2264 61017
2263 61017
2262 61017
2261 61017
2260 61017
2259 61017
2258 61017
2257 61017
2256 61017
2255 61017
2254 61017
2253 61017
2252 61017
2251 60636
2250 60636
2249 60636
2248 60636
2247 60636
2246 60636
2245 60636
2244 60636
2243 60285
2242 60285
2241 60285
2240 60285
2239 59946
2238 59946
2237 59611
2236 59611
2235 59611
2234 59611
2233 59611
2232 59611
2231 59611
2230 59611
2229 59611
2228 59611
2227 59611
2226 59611
2225 59611
2224 59611
2223 59611
2222 59611
2221 59241
2220 59241
2219 59241
2218 59241
2217 59241
2216 59241
2215 59241
2214 59241
2213 58896
2212 58896
2211 58896
2210 58896
2209 58896
2208 58896
2207 58545
2206 58545
2205 58545
2204 58545
2203 58211
2202 58211
2201 58211
2200 58211
2199 58211
2198 58211
2197 58211
2196 58211
2195 58211
2194 58211
2193 58211
2192 58211
2191 58211
2190 58211
2189 58211
2188 58211
2187 58211
2186 58211
2185 58211
2184 58211
2183 58211
2182 58211
2181 58211
2180 58211
2179 57818
2178 57818
2177 57818
2176 57818
2175 57818
2174 57818
2173 57818
2172 57818
2171 57818
2170 57818
2169 57818
2168 57818
2167 57818
2166 57818
2165 57818
2164 57818
2163 57818
2162 57818
2161 57444
2160 57444
2159 57444
2158 57444
2157 57444
2156 57444
2155 57444
2154 57444
2153 57101
2152 57101
2151 57101
2150 57101
2149 57101
2148 57101
2147 57101
2146 57101
2145 57101
2144 57101
2143 56754
2142 56754
2141 56428
2140 56428
2139 56428
2138 56428
2137 56100
2136 56100
2135 56100
2134 56100
2133 56100
2132 56100
2131 55769
2130 55769
2129 55446
2128 55446
2127 55446
2126 55446
2125 55446
2124 55446
2123 55446
2122 55446
2121 55446
2120 55446
2119 55446
2118 55446
2117 55446
2116 55446
2115 55446
2114 55446
2113 55087
2112 55087
2111 54766
2110 54766
2109 54766
2108 54766
2107 54766
2106 54766
2105 54766
2104 54766
2103 54766
2102 54766
2101 54766
2100 54766
2099 54425
2098 54425
2097 54425
2096 54425
2095 54425
2094 54425
2093 54425
2092 54425
2091 54425
2090 54425
2089 54091
2088 54091
2087 53773
2086 53773
2085 53773
2084 53773
2083 53453
2082 53453
2081 53137
2080 53137
2079 53137
2078 53137
2077 53137
2076 53137
2075 53137
2074 53137
2073 53137
2072 53137
2071 53137
2070 53137
2069 52791
2068 52791
2067 52791
2066 52791
2065 52791
2064 52791
2063 52470
2062 52470
2061 52470
2060 52470
2059 52470
2058 52470
2057 52470
2056 52470
2055 52470
2054 52470
2053 52134
2052 52134
2051 52134
2050 52134
2049 52134
2048 52134
2047 52134
2046 52134
2045 52134
2044 52134
2043 52134
2042 52134
2041 52134
2040 52134
2039 51790
2038 51790
2037 51790
2036 51790
2035 51790
2034 51790
2033 51790
2032 51790
2031 51790
2030 51790
2029 51460
2028 51460
2027 51150
2026 51150
2025 51150
2024 51150
2023 51150
2022 51150
2021 51150
2020 51150
2019 51150
2018 51150
2017 50815
2016 50815
2015 50815
2014 50815
2013 50815
2012 50815
2011 50500
2010 50500
2009 50500
2008 50500
2007 50500
2006 50500
2005 50500
2004 50500
2003 50181
2002 50181
2001 50181
2000 50181
1999 49872
1998 49872
1997 49567
1996 49567
1995 49567
1994 49567
1993 49260
1992 49260
1991 49260
1990 49260
1989 49260
1988 49260
1987 48948
1986 48948
1985 48948
1984 48948
1983 48948
1982 48948
1981 48948
1980 48948
1979 48634
1978 48634
1977 48634
1976 48634
1975 48634
1974 48634
1973 48326
1972 48326
1971 48326
1970 48326
1969 48326
1968 48326
1967 48326
1966 48326
1965 48326
1964 48326
1963 48326
1962 48326
1961 48326
1960 48326
1959 48326
1958 48326
1957 48326
1956 48326
1955 48326
1954 48326
1953 48326
1952 48326
1951 47970
1950 47970
1949 47671
1948 47671
1947 47671
1946 47671
1945 47671
1944 47671
1943 47671
1942 47671
1941 47671
1940 47671
1939 47671
1938 47671
1937 47671
1936 47671
1935 47671
1934 47671
1933 47337
1932 47337
1931 47040
1930 47040
1929 47040
1928 47040
1927 47040
1926 47040
1925 47040
1924 47040
1923 47040
1922 47040
1921 47040
1920 47040
1919 47040
1918 47040
1917 47040
1916 47040
1915 47040
1914 47040
1913 46696
1912 46696
1911 46696
1910 46696
1909 46696
1908 46696
1907 46388
1906 46388
1905 46388
1904 46388
1903 46388
1902 46388
1901 46085
1900 46085
1899 46085
1898 46085
1897 46085
1896 46085
1895 46085
1894 46085
1893 46085
1892 46085
1891 46085
1890 46085
1889 45765
1888 45765
1887 45765
1886 45765
1885 45765
1884 45765
1883 45765
1882 45765
1881 45765
1880 45765
1879 45458
1878 45458
1877 45167
1876 45167
1875 45167
1874 45167
1873 44874
1872 44874
1871 44585
1870 44585
1869 44585
1868 44585
1867 44294
1866 44294
1865 44294
1864 44294
1863 44294
1862 44294
1861 44000
1860 44000
1859 44000
1858 44000
1857 44000
1856 44000
1855 44000
1854 44000
1853 44000
1852 44000
1851 44000
1850 44000
1849 44000
1848 44000
1847 43675
1846 43675
1845 43675
1844 43675
1843 43675
1842 43675
1841 43675
1840 43675
1839 43675
1838 43675
1837 43675
1836 43675
1835 43675
1834 43675
1833 43675
1832 43675
1831 43357
1830 43357
1829 43357
1828 43357
1827 43357
1826 43357
1825 43357
1824 43357
1823 43054
1822 43054
1821 43054
1820 43054
1819 43054
1818 43054
1817 43054
1816 43054
1815 43054
1814 43054
1813 43054
1812 43054
1811 42742
1810 42742
1809 42742
1808 42742
1807 42742
1806 42742
1805 42742
1804 42742
1803 42742
1802 42742
1801 42443
1800 42443
1799 42443
1798 42443
1797 42443
1796 42443
1795 42443
1794 42443
1793 42443
1792 42443
1791 42443
1790 42443
1789 42141
1788 42141
1787 41861
1786 41861
1785 41861
1784 41861
1783 41579
1782 41579
1781 41579
1780 41579
1779 41579
1778 41579
1777 41291
1776 41291
1775 41291
1774 41291
1773 41291
1772 41291
1771 41291
1770 41291
1769 41291
1768 41291
1767 41291
1766 41291
1765 41291
1764 41291
1763 41291
1762 41291
1761 41291
1760 41291
1759 40967
1758 40967
1757 40967
1756 40967
1755 40967
1754 40967
1753 40683
1752 40683
1751 40683
1750 40683
1749 40683
1748 40683
1747 40397
1746 40397
1745 40397
1744 40397
1743 40397
1742 40397
1741 40116
1740 40116
1739 40116
1738 40116
1737 40116
1736 40116
1735 40116
1734 40116
1733 39823
1732 39823
1731 39823
1730 39823
1729 39823
1728 39823
1727 39823
1726 39823
1725 39823
1724 39823
1723 39534
1722 39534
1721 39263
1720 39263
1719 39263
1718 39263
1717 39263
1716 39263
1715 39263
1714 39263
1713 39263
1712 39263
1711 39263
1710 39263
1709 38964
1708 38964
1707 38964
1706 38964
1705 38964
1704 38964
1703 38964
1702 38964
1701 38964
1700 38964
1699 38678
1698 38678
1697 38410
1696 38410
1695 38410
1694 38410
1693 38140
1692 38140
1691 38140
1690 38140
1689 38140
1688 38140
1687 38140
1686 38140
1685 38140
1684 38140
1683 38140
1682 38140
1681 38140
1680 38140
1679 38140
1678 38140
1677 38140
1676 38140
1675 38140
1674 38140
1673 38140
1672 38140
1671 38140
1670 38140
1669 37811
1668 37811
1667 37546
1666 37546
1665 37546
1664 37546
1663 37279
1662 37279
1661 37279
1660 37279
1659 37279
1658 37279
1657 37007
1656 37007
1655 37007
1654 37007
1653 37007
1652 37007
1651 37007
1650 37007
1649 37007
1648 37007
1647 37007
1646 37007
1645 37007
1644 37007
1643 37007
1642 37007
1641 37007
1640 37007
1639 37007
1638 37007
1637 36695
1636 36695
1635 36695
1634 36695
1633 36695
1632 36695
1631 36695
1630 36695
1629 36695
1628 36695
1627 36413
1626 36413
1625 36413
1624 36413
1623 36413
1622 36413
1621 36146
1620 36146
1619 35887
1618 35887
1617 35887
1616 35887
1615 35887
1614 35887
1613 35622
1612 35622
1611 35622
1610 35622
1609 35362
1608 35362
1607 35106
1606 35106
1605 35106
1604 35106
1603 35106
1602 35106
1601 34843
1600 34843
1599 34843
1598 34843
1597 34586
1596 34586
1595 34586
1594 34586
1593 34586
1592 34586
1591 34586
1590 34586
1589 34586
1588 34586
1587 34586
1586 34586
1585 34586
1584 34586
1583 34301
1582 34301
1581 34301
1580 34301
1579 34046
1578 34046
1577 34046
1576 34046
1575 34046
1574 34046
1573 34046
1572 34046
1571 33777
1570 33777
1569 33777
1568 33777
1567 33524
1566 33524
1565 33524
1564 33524
1563 33524
1562 33524
1561 33524
1560 33524
1559 33263
1558 33263
1557 33263
1556 33263
1555 33263
1554 33263
1553 33008
1552 33008
1551 33008
1550 33008
1549 32758
1548 32758
1547 32758
1546 32758
1545 32758
1544 32758
1543 32504
1542 32504
1541 32504
1540 32504
1539 32504
1538 32504
1537 32504
1536 32504
1535 32504
1534 32504
1533 32504
1532 32504
1531 32228
1530 32228
1529 32228
1528 32228
1527 32228
1526 32228
1525 32228
1524 32228
1523 31971
1522 31971
1521 31971
1520 31971
1519 31971
1518 31971
1517 31971
1516 31971
1515 31971
1514 31971
1513 31971
1512 31971
1511 31696
1510 31696
1509 31696
1508 31696
1507 31696
1506 31696
1505 31696
1504 31696
1503 31696
1502 31696
1501 31696
1500 31696
1499 31429
1498 31429
1497 31429
1496 31429
1495 31429
1494 31429
1493 31181
1492 31181
1491 31181
1490 31181
1489 30938
1488 30938
1487 30699
1486 30699
1485 30699
1484 30699
1483 30458
1482 30458
1481 30221
1480 30221
1479 30221
1478 30221
1477 30221
1476 30221
1475 30221
1474 30221
1473 30221
1472 30221
1471 29970
1470 29970
1469 29970
1468 29970
1467 29970
1466 29970
1465 29970
1464 29970
1463 29970
1462 29970
1461 29970
1460 29970
1459 29713
1458 29713
1457 29713
1456 29713
1455 29713
1454 29713
1453 29464
1452 29464
1451 29231
1450 29231
1449 29231
1448 29231
1447 28996
1446 28996
1445 28996
1444 28996
1443 28996
1442 28996
1441 28996
1440 28996
1439 28752
1438 28752
1437 28752
1436 28752
1435 28752
1434 28752
1433 28515
1432 28515
1431 28515
1430 28515
1429 28283
1428 28283
1427 28055
1426 28055
1425 28055
1424 28055
1423 27825
1422 27825
1421 27825
1420 27825
1419 27825
1418 27825
1417 27825
1416 27825
1415 27825
1414 27825
1413 27825
1412 27825
1411 27825
1410 27825
1409 27569
1408 27569
1407 27569
1406 27569
1405 27569
1404 27569
1403 27569
1402 27569
1401 27569
1400 27569
1399 27324
1398 27324
1397 27324
1396 27324
1395 27324
1394 27324
1393 27324
1392 27324
1391 27324
1390 27324
1389 27324
1388 27324
1387 27324
1386 27324
1385 27324
1384 27324
1383 27324
1382 27324
1381 27060
1380 27060
1379 27060
1378 27060
1377 27060
1376 27060
1375 27060
1374 27060
1373 26825
1372 26825
1371 26825
1370 26825
1369 26825
1368 26825
1367 26587
1366 26587
1365 26587
1364 26587
1363 26587
1362 26587
1361 26352
1360 26352
1359 26352
1358 26352
1357 26352
1356 26352
1355 26352
1354 26352
1353 26352
1352 26352
1351 26352
1350 26352
1349 26352
1348 26352
1347 26352
1346 26352
1345 26352
1344 26352
1343 26352
1342 26352
1341 26352
1340 26352
1339 26352
1338 26352
1337 26352
1336 26352
1335 26352
1334 26352
1333 26352
1332 26352
1331 26352
1330 26352
1329 26352
1328 26352
1327 26044
1326 26044
1325 26044
1324 26044
1323 26044
1322 26044
1321 25818
1320 25818
1319 25600
1318 25600
1317 25600
1316 25600
1315 25600
1314 25600
1313 25600
1312 25600
1311 25600
1310 25600
1309 25600
1308 25600
1307 25361
1306 25361
1305 25361
1304 25361
1303 25142
1302 25142
1301 24927
1300 24927
1299 24927
1298 24927
1297 24710
1296 24710
1295 24710
1294 24710
1293 24710
1292 24710
1291 24490
1290 24490
1289 24278
1288 24278
1287 24278
1286 24278
1285 24278
1284 24278
1283 24060
1282 24060
1281 24060
1280 24060
1279 23847
1278 23847
1277 23638
1276 23638
1275 23638
1274 23638
1273 23638
1272 23638
1271 23638
1270 23638
1269 23638
1268 23638
1267 23638
1266 23638
1265 23638
1264 23638
1263 23638
1262 23638
1261 23638
1260 23638
1259 23384
1258 23384
1257 23384
1256 23384
1255 23384
1254 23384
1253 23384
1252 23384
1251 23384
1250 23384
1249 23162
1248 23162
1247 23162
1246 23162
1245 23162
1244 23162
1243 23162
1242 23162
1241 23162
1240 23162
1239 23162
1238 23162
1237 22925
1236 22925
1235 22925
1234 22925
1233 22925
1232 22925
1231 22713
1230 22713
1229 22509
1228 22509
1227 22509
1226 22509
1225 22509
1224 22509
1223 22299
1222 22299
1221 22299
1220 22299
1219 22299
1218 22299
1217 22084
1216 22084
1215 22084
1214 22084
1213 21880
1212 21880
1211 21880
1210 21880
1209 21880
1208 21880
1207 21880
1206 21880
1205 21880
1204 21880
1203 21880
1202 21880
1201 21657
1200 21657
1199 21657
1198 21657
1197 21657
1196 21657
1195 21657
1194 21657
1193 21445
1192 21445
1191 21445
1190 21445
1189 21445
1188 21445
1187 21233
1186 21233
1185 21233
1184 21233
1183 21233
1182 21233
1181 21028
1180 21028
1179 21028
1178 21028
1177 21028
1176 21028
1175 21028
1174 21028
1173 21028
1172 21028
1171 20816
1170 20816
1169 20816
1168 20816
1167 20816
1166 20816
1165 20816
1164 20816
1163 20609
1162 20609
1161 20609
1160 20609
1159 20609
1158 20609
1157 20609
1156 20609
1155 20609
1154 20609
1153 20393
1152 20393
1151 20200
1150 20200
1149 20200
1148 20200
1147 20200
1146 20200
1145 20200
1144 20200
1143 20200
1142 20200
1141 20200
1140 20200
1139 20200
1138 20200
1137 20200
1136 20200
1135 20200
1134 20200
1133 20200
1132 20200
1131 20200
1130 20200
1129 19957
1128 19957
1127 19957
1126 19957
1125 19957
1124 19957
1123 19758
1122 19758
1121 19758
1120 19758
1119 19758
1118 19758
1117 19556
1116 19556
1115 19556
1114 19556
1113 19556
1112 19556
1111 19556
1110 19556
1109 19354
1108 19354
1107 19354
1106 19354
1105 19354
1104 19354
1103 19159
1102 19159
1101 19159
1100 19159
1099 19159
1098 19159
1097 18964
1096 18964
1095 18964
1094 18964
1093 18775
1092 18775
1091 18590
1090 18590
1089 18590
1088 18590
1087 18403
1086 18403
1085 18403
1084 18403
1083 18403
1082 18403
1081 18403
1080 18403
1079 18403
1078 18403
1077 18403
1076 18403
1075 18403
1074 18403
1073 18403
1072 18403
1071 18403
1070 18403
1069 18175
1068 18175
1067 18175
1066 18175
1065 18175
1064 18175
1063 17984
1062 17984
1061 17803
1060 17803
1059 17803
1058 17803
1057 17803
1056 17803
1055 17803
1054 17803
1053 17803
1052 17803
1051 17608
1050 17608
1049 17429
1048 17429
1047 17429
1046 17429
1045 17429
1044 17429
1043 17429
1042 17429
1041 17429
1040 17429
1039 17236
1038 17236
1037 17236
1036 17236
1035 17236
1034 17236
1033 17048
1032 17048
1031 16872
1030 16872
1029 16872
1028 16872
1027 16872
1026 16872
1025 16872
1024 16872
1023 16872
1022 16872
1021 16680
1020 16680
1019 16506
1018 16506
1017 16506
1016 16506
1015 16506
1014 16506
1013 16326
1012 16326
1011 16326
1010 16326
1009 16151
1008 16151
1007 16151
1006 16151
1005 16151
1004 16151
1003 16151
1002 16151
1001 16151
1000 16151
999 16151
998 16151
997 15952
996 15952
995 15952
994 15952
993 15952
992 15952
991 15775
990 15775
989 15775
988 15775
987 15775
986 15775
985 15775
984 15775
983 15589
982 15589
981 15589
980 15589
979 15589
978 15589
977 15412
976 15412
975 15412
974 15412
973 15412
972 15412
971 15237
970 15237
969 15237
968 15237
967 15068
966 15068
965 15068
964 15068
963 15068
962 15068
961 15068
960 15068
959 15068
958 15068
957 15068
956 15068
955 15068
954 15068
953 14872
952 14872
951 14872
950 14872
949 14872
948 14872
947 14698
946 14698
945 14698
944 14698
943 14698
942 14698
941 14522
940 14522
939 14522
938 14522
937 14357
936 14357
935 14357
934 14357
933 14357
932 14357
931 14357
930 14357
929 14184
928 14184
927 14184
926 14184
925 14184
924 14184
923 14184
922 14184
921 14184
920 14184
919 14007
918 14007
917 14007
916 14007
915 14007
914 14007
913 14007
912 14007
911 13834
910 13834
909 13834
908 13834
907 13673
906 13673
905 13673
904 13673
903 13673
902 13673
901 13673
900 13673
899 13673
898 13673
897 13673
896 13673
895 13673
894 13673
893 13673
892 13673
891 13673
890 13673
889 13673
888 13673
887 13466
886 13466
885 13466
884 13466
883 13307
882 13307
881 13152
880 13152
879 13152
878 13152
877 12995
876 12995
875 12995
874 12995
873 12995
872 12995
871 12995
870 12995
869 12995
868 12995
867 12995
866 12995
865 12995
864 12995
863 12815
862 12815
861 12815
860 12815
859 12660
858 12660
857 12509
856 12509
855 12509
854 12509
853 12356
852 12356
851 12356
850 12356
849 12356
848 12356
847 12356
846 12356
845 12356
844 12356
843 12356
842 12356
841 12356
840 12356
839 12171
838 12171
837 12171
836 12171
835 12171
834 12171
833 12171
832 12171
831 12171
830 12171
829 12008
828 12008
827 11861
826 11861
825 11861
824 11861
823 11712
822 11712
821 11567
820 11567
819 11567
818 11567
817 11567
816 11567
815 11567
814 11567
813 11567
812 11567
811 11404
810 11404
809 11261
808 11261
807 11261
806 11261
805 11261
804 11261
803 11261
802 11261
801 11261
800 11261
799 11261
798 11261
797 11095
796 11095
795 11095
794 11095
793 11095
792 11095
791 11095
790 11095
789 11095
788 11095
787 10936
786 10936
785 10936
784 10936
783 10936
782 10936
781 10936
780 10936
779 10936
778 10936
777 10936
776 10936
775 10936
774 10936
773 10767
772 10767
771 10767
770 10767
769 10625
768 10625
767 10625
766 10625
765 10625
764 10625
763 10625
762 10625
761 10472
760 10472
759 10472
758 10472
757 10332
756 10332
755 10332
754 10332
753 10332
752 10332
751 10189
750 10189
749 10189
748 10189
747 10189
746 10189
745 10189
744 10189
743 10042
742 10042
741 10042
740 10042
739 9905
738 9905
737 9905
736 9905
735 9905
734 9905
733 9763
732 9763
731 9763
730 9763
729 9763
728 9763
727 9620
726 9620
725 9620
724 9620
723 9620
722 9620
721 9620
720 9620
719 9477
718 9477
717 9477
716 9477
715 9477
714 9477
713 9477
712 9477
711 9477
710 9477
709 9327
708 9327
707 9327
706 9327
705 9327
704 9327
703 9327
702 9327
701 9181
700 9181
699 9181
698 9181
697 9181
696 9181
695 9181
694 9181
693 9181
692 9181
691 9035
690 9035
689 9035
688 9035
687 9035
686 9035
685 9035
684 9035
683 8894
682 8894
681 8894
680 8894
679 8894
678 8894
677 8760
676 8760
675 8760
674 8760
673 8632
672 8632
671 8632
670 8632
669 8632
668 8632
667 8632
666 8632
665 8632
664 8632
663 8632
662 8632
661 8482
660 8482
659 8359
658 8359
657 8359
656 8359
655 8359
654 8359
653 8230
652 8230
651 8230
650 8230
649 8230
648 8230
647 8100
646 8100
645 8100
644 8100
643 7977
642 7977
641 7858
640 7858
639 7858
638 7858
637 7858
636 7858
635 7858
634 7858
633 7858
632 7858
631 7725
630 7725
629 7725
628 7725
627 7725
626 7725
625 7725
624 7725
623 7725
622 7725
621 7725
620 7725
619 7585
618 7585
617 7469
616 7469
615 7469
614 7469
613 7351
612 7351
611 7351
610 7351
609 7351
608 7351
607 7227
606 7227
605 7227
604 7227
603 7227
602 7227
601 7107
600 7107
599 6995
598 6995
597 6995
596 6995
595 6995
594 6995
593 6877
592 6877
591 6877
590 6877
589 6877
588 6877
587 6755
586 6755
585 6755
584 6755
583 6755
582 6755
581 6755
580 6755
579 6755
578 6755
577 6629
576 6629
575 6629
574 6629
573 6629
572 6629
571 6514
570 6514
569 6407
568 6407
567 6407
566 6407
565 6407
564 6407
563 6294
562 6294
561 6294
560 6294
559 6294
558 6294
557 6179
556 6179
555 6179
554 6179
553 6179
552 6179
551 6179
550 6179
549 6179
548 6179
547 6055
546 6055
545 6055
544 6055
543 6055
542 6055
541 5945
540 5945
539 5945
538 5945
537 5945
536 5945
535 5945
534 5945
533 5945
532 5945
531 5945
530 5945
529 5945
528 5945
527 5945
526 5945
525 5945
524 5945
523 5800
522 5800
521 5699
520 5699
519 5699
518 5699
517 5699
516 5699
515 5699
514 5699
513 5699
512 5699
511 5699
510 5699
509 5578
508 5578
507 5578
506 5578
505 5578
504 5578
503 5472
502 5472
501 5472
500 5472
499 5371
498 5371
497 5371
496 5371
495 5371
494 5371
493 5371
492 5371
491 5258
490 5258
489 5258
488 5258
487 5159
486 5159
485 5159
484 5159
483 5159
482 5159
481 5159
480 5159
479 5050
478 5050
477 5050
476 5050
475 5050
474 5050
473 5050
472 5050
471 5050
470 5050
469 5050
468 5050
467 4935
466 4935
465 4935
464 4935
463 4839
462 4839
461 4747
460 4747
459 4747
458 4747
457 4653
456 4653
455 4653
454 4653
453 4653
452 4653
451 4653
450 4653
449 4550
448 4550
447 4550
446 4550
445 4550
444 4550
443 4454
442 4454
441 4454
440 4454
439 4363
438 4363
437 4363
436 4363
435 4363
434 4363
433 4264
432 4264
431 4178
430 4178
429 4178
428 4178
427 4178
426 4178
425 4178
424 4178
423 4178
422 4178
421 4078
420 4078
419 3994
418 3994
417 3994
416 3994
415 3994
414 3994
413 3994
412 3994
411 3994
410 3994
409 3896
408 3896
407 3896
406 3896
405 3896
404 3896
403 3896
402 3896
401 3798
400 3798
399 3798
398 3798
397 3714
396 3714
395 3714
394 3714
393 3714
392 3714
391 3714
390 3714
389 3619
388 3619
387 3619
386 3619
385 3619
384 3619
383 3533
382 3533
381 3533
380 3533
379 3452
378 3452
377 3452
376 3452
375 3452
374 3452
373 3365
372 3365
371 3365
370 3365
369 3365
368 3365
367 3281
366 3281
365 3281
364 3281
363 3281
362 3281
361 3281
360 3281
359 3190
358 3190
357 3190
356 3190
355 3190
354 3190
353 3109
352 3109
351 3109
350 3109
349 3033
348 3033
347 2961
346 2961
345 2961
344 2961
343 2961
342 2961
341 2961
340 2961
339 2961
338 2961
337 2873
336 2873
335 2873
334 2873
333 2873
332 2873
331 2796
330 2796
329 2796
328 2796
327 2796
326 2796
325 2796
324 2796
323 2796
322 2796
321 2796
320 2796
319 2796
318 2796
317 2698
316 2698
315 2698
314 2698
313 2627
312 2627
311 2560
310 2560
309 2560
308 2560
307 2491
306 2491
305 2491
304 2491
303 2491
302 2491
301 2491
300 2491
299 2491
298 2491
297 2491
296 2491
295 2491
294 2491
293 2400
292 2400
291 2400
290 2400
289 2400
288 2400
287 2400
286 2400
285 2400
284 2400
283 2317
282 2317
281 2254
280 2254
279 2254
278 2254
277 2189
276 2189
275 2189
274 2189
273 2189
272 2189
271 2121
270 2121
269 2061
268 2061
267 2061
266 2061
265 2061
264 2061
263 1995
262 1995
261 1995
260 1995
259 1995
258 1995
257 1929
256 1929
255 1929
254 1929
253 1929
252 1929
251 1863
250 1863
249 1863
248 1863
247 1863
246 1863
245 1863
244 1863
243 1863
242 1863
241 1790
240 1790
239 1735
238 1735
237 1735
236 1735
235 1735
234 1735
233 1674
232 1674
231 1674
230 1674
229 1618
228 1618
227 1566
226 1566
225 1566
224 1566
223 1512
222 1512
221 1512
220 1512
219 1512
218 1512
217 1512
216 1512
215 1512
214 1512
213 1512
212 1512
211 1440
210 1440
209 1440
208 1440
207 1440
206 1440
205 1440
204 1440
203 1440
202 1440
201 1440
200 1440
199 1370
198 1370
197 1322
196 1322
195 1322
194 1322
193 1272
192 1272
191 1226
190 1226
189 1226
188 1226
187 1226
186 1226
185 1226
184 1226
183 1226
182 1226
181 1165
180 1165
179 1121
178 1121
177 1121
176 1121
175 1121
174 1121
173 1071
172 1071
171 1071
170 1071
169 1071
168 1071
167 1019
166 1019
165 1019
164 1019
163 975
162 975
161 975
160 975
159 975
158 975
157 927
156 927
155 927
154 927
153 927
152 927
151 881
150 881
149 843
148 843
147 843
146 843
145 843
144 843
143 843
142 843
141 843
140 843
139 790
138 790
137 754
136 754
135 754
134 754
133 754
132 754
131 711
130 711
129 711
128 711
127 674
126 674
125 674
124 674
123 674
122 674
121 674
120 674
119 674
118 674
117 674
116 674
115 674
114 674
113 616
112 616
111 616
110 616
109 581
108 581
107 550
106 550
105 550
104 550
103 517
102 517
101 488
100 488
99 488
98 488
97 457
96 457
95 457
94 457
93 457
92 457
91 457
90 457
89 418
88 418
87 418
86 418
85 418
84 418
83 385
82 385
81 385
80 385
79 357
78 357
77 357
76 357
75 357
74 357
73 325
72 325
71 302
70 302
69 302
68 302
67 277
66 277
65 277
64 277
63 277
62 277
61 249
60 249
59 229
58 229
57 229
56 229
55 229
54 229
53 203
52 203
51 203
50 203
49 203
48 203
47 177
46 177
45 177
44 177
43 157
42 157
41 141
40 141
39 141
38 141
37 123
36 123
35 123
34 123
33 123
32 123
31 102
30 102
29 89
28 89
27 89
26 89
25 89
24 89
23 70
22 70
21 70
20 70
19 56
18 56
17 46
16 46
15 46
14 46
13 34
12 34
11 26
10 26
9 26
8 26
7 16
6 16
5 10
4 10
3 5
2 2
