1 2
2 3
3 5
4 6
5 10
6 8
7 12
8 10
9 14
10 19
11 13
12 21
13 18
14 16
15 20
16 26
17 26
18 20
19 28
20 25
21 23
22 32
23 28
24 33
25 39
26 31
27 29
28 33
29 31
30 35
31 58
32 37
33 43
34 36
35 53
36 38
37 46
38 48
39 44
40 52
41 50
42 44
43 61
44 46
45 50
46 48
47 70
48 72
49 54
50 52
51 56
52 61
53 55
54 73
55 66
56 66
57 66
58 60
59 68
60 65
61 63
62 83
63 91
64 69
65 67
66 71
67 98
68 77
69 88
70 72
71 76
72 81
73 91
74 84
75 87
76 81
77 86
78 95
79 84
80 98
81 98
82 84
83 100
84 86
85 99
86 91
87 96
88 103
89 94
90 92
91 96
92 115
93 109
94 99
95 113
96 101
97 106
98 121
99 101
100 145
101 110
102 124
103 115
104 113
105 107
106 115
107 126
108 122
109 118
110 112
111 120
112 124
113 118
114 116
115 140
116 133
117 119
118 123
119 130
120 129
121 123
122 150
123 128
124 134
125 141
126 146
127 146
128 150
129 143
130 143
131 142
132 137
133 147
134 143
135 140
136 153
137 142
138 169
139 159
140 166
141 143
142 163
143 145
144 149
145 147
146 163
147 185
148 153
149 151
150 155
151 180
152 157
153 155
154 159
155 207
156 161
157 173
158 177
159 173
160 165
161 176
162 174
163 196
164 169
165 175
166 177
167 186
168 177
169 199
170 175
171 180
172 174
173 192
174 176
175 188
176 193
177 179
178 195
179 181
180 191
181 228
182 187
183 185
184 189
185 195
186 195
187 202
188 202
189 199
190 243
191 193
192 216
193 207
194 212
195 205
196 212
197 212
198 223
199 204
200 215
201 210
202 204
203 212
204 237
205 222
206 254
207 209
208 213
209 218
210 212
211 220
212 217
213 215
214 219
215 239
216 218
217 226
218 308
219 235
220 238
221 235
222 264
223 245
224 256
225 230
226 228
227 232
228 237
229 244
230 235
231 233
232 249
233 257
234 251
235 237
236 241
237 239
238 243
239 248
240 267
241 275
242 257
243 276
244 254
245 250
246 255
247 261
248 253
249 269
250 255
251 285
252 257
253 263
254 256
255 260
256 265
257 259
258 267
259 282
260 312
261 272
262 267
263 265
264 329
265 270
266 268
267 286
268 299
269 271
270 289
271 293
272 281
273 286
274 284
275 324
276 288
277 282
278 280
279 302
280 299
281 312
282 303
283 318
284 325
285 294
286 291
287 289
288 293
289 291
290 307
291 320
292 303
293 308
294 344
295 297
296 334
297 299
298 356
299 308
300 314
301 312
302 307
303 305
304 309
305 319
306 315
307 335
308 310
309 330
310 344
311 336
312 321
313 346
314 316
315 320
316 318
317 334
318 341
319 321
320 359
321 323
322 331
323 328
324 326
325 347
326 343
327 374
328 393
329 334
330 351
331 345
332 370
333 335
334 339
335 351
336 381
337 339
338 343
339 363
340 349
341 357
342 347
343 366
344 346
345 399
346 355
347 349
348 357
349 354
350 362
351 386
352 361
353 358
354 356
355 365
356 361
357 366
358 386
359 373
360 379
361 388
362 367
363 373
364 394
365 384
366 376
367 372
368 455
369 412
370 387
371 399
372 377
373 382
374 376
375 384
376 432
377 407
378 380
379 418
380 394
381 386
382 424
383 413
384 403
385 387
386 391
387 404
388 397
389 399
390 395
391 393
392 397
393 402
394 416
395 400
396 398
397 408
398 415
399 401
400 417
401 427
402 407
403 437
404 436
405 428
406 408
407 416
408 413
409 411
410 458
411 443
412 417
413 426
414 428
415 424
416 421
417 469
418 442
419 438
420 432
421 430
422 445
423 454
424 452
425 457
426 431
427 438
428 437
429 431
430 507
431 433
432 456
433 453
434 439
435 463
436 441
437 456
438 470
439 448
440 474
441 446
442 451
443 496
444 462
445 447
446 497
447 531
448 453
449 451
450 477
451 460
452 457
453 488
454 463
455 471
456 461
457 473
458 524
459 461
460 465
461 463
462 486
463 540
464 466
465 474
466 476
467 484
468 473
469 478
470 472
471 506
472 477
473 498
474 476
475 492
476 478
477 518
478 480
479 532
480 490
481 539
482 517
483 497
484 489
485 487
486 491
487 489
488 549
489 506
490 520
491 500
492 512
493 495
494 499
495 504
496 498
497 506
498 529
499 501
500 532
501 518
502 504
503 532
504 545
505 520
506 511
507 517
508 526
509 518
510 521
511 552
512 538
513 515
514 519
515 550
516 525
517 522
518 534
519 547
520 548
521 531
522 540
523 577
524 546
525 527
526 543
527 561
528 533
529 545
530 575
531 533
532 560
533 565
534 539
535 537
536 557
537 575
538 543
539 557
540 588
541 546
542 552
543 545
544 549
545 554
546 548
547 576
548 553
549 613
550 614
551 575
552 554
553 558
554 568
555 564
556 558
557 566
558 618
559 561
560 569
561 604
562 571
563 599
564 566
565 578
566 589
567 604
568 570
569 574
570 579
571 608
572 577
573 575
574 624
575 669
576 593
577 588
578 580
579 605
580 582
581 602
582 584
583 608
584 593
585 587
586 606
587 589
588 607
589 598
590 604
591 684
592 624
593 595
594 621
595 613
596 606
597 619
598 649
599 614
600 634
601 624
602 604
603 658
604 613
605 610
606 630
607 617
608 655
609 611
610 643
611 638
612 624
613 618
614 616
615 620
616 674
617 619
618 657
619 628
620 663
621 637
622 631
623 643
624 670
625 665
626 628
627 632
628 637
629 631
630 639
631 654
632 652
633 642
634 673
635 668
636 685
637 639
638 654
639 644
640 686
641 671
642 699
643 648
644 646
645 650
646 655
647 649
648 674
649 654
650 692
651 753
652 676
653 664
654 680
655 712
656 666
657 677
658 682
659 661
660 665
661 672
662 676
663 672
664 683
665 667
666 671
667 698
668 678
669 683
670 675
671 680
672 674
673 696
674 676
675 717
676 714
677 701
678 735
679 684
680 692
681 704
682 684
683 692
684 698
685 695
686 778
687 701
688 716
689 694
690 712
691 724
692 712
693 726
694 738
695 700
696 698
697 702
698 766
699 732
700 709
701 703
702 751
703 713
704 713
705 748
706 741
707 737
708 713
709 807
710 720
711 724
712 721
713 728
714 724
715 720
716 718
717 754
718 727
719 724
720 722
721 733
722 786
723 735
724 726
725 730
726 769
727 729
728 733
729 759
730 732
731 740
732 737
733 804
734 759
735 749
736 741
737 751
738 763
739 845
740 785
741 743
742 751
743 748
744 746
745 750
746 748
747 764
748 789
749 760
750 755
751 774
752 771
753 769
754 810
755 760
756 758
757 767
758 861
759 764
760 774
761 779
762 772
763 781
764 779
765 774
766 795
767 772
768 777
769 771
770 779
771 776
772 783
773 775
774 791
775 777
776 832
777 790
778 847
779 784
780 805
781 815
782 886
783 800
784 840
785 790
786 828
787 809
788 798
789 794
790 805
791 835
792 804
793 816
794 811
795 797
796 813
797 839
798 818
799 817
800 802
801 822
802 817
803 850
804 829
805 875
806 808
807 812
808 822
809 818
810 815
811 828
812 872
813 833
814 825
815 824
816 818
817 826
818 851
819 845
820 822
821 838
822 845
823 849
824 833
825 841
826 839
827 846
828 837
829 831
830 839
831 846
832 842
833 852
834 848
835 908
836 845
837 916
838 840
839 886
840 845
841 856
842 861
843 953
844 874
845 899
846 851
847 849
848 884
849 858
850 852
851 860
852 857
853 899
854 868
855 884
856 902
857 911
858 867
859 861
860 895
861 872
862 888
863 865
864 889
865 867
866 880
867 884
868 908
869 874
870 942
871 873
872 919
873 875
874 892
875 877
876 896
877 924
878 883
879 881
880 885
881 895
882 923
883 897
884 893
885 887
886 910
887 966
888 917
889 894
890 907
891 973
892 894
893 913
894 896
895 904
896 901
897 911
898 908
899 919
900 909
901 906
902 946
903 912
904 918
905 955
906 911
907 934
908 944
909 927
910 1006
911 920
912 937
913 926
914 916
915 966
916 939
917 984
918 947
919 929
920 955
921 926
922 924
923 933
924 948
925 939
926 938
927 932
928 939
929 1014
930 969
931 964
932 934
933 973
934 954
935 937
936 976
937 939
938 996
939 1038
940 985
941 950
942 987
943 988
944 960
945 947
946 990
947 952
948 958
949 951
950 980
951 967
952 971
953 980
954 963
955 972
956 961
957 971
958 960
959 976
960 962
961 998
962 967
963 974
964 973
965 967
966 1005
967 972
968 1004
969 1015
970 975
971 980
972 1044
973 978
974 988
975 984
976 981
977 1002
978 983
979 1008
980 990
981 986
982 1039
983 1024
984 989
985 987
986 1072
987 992
988 1069
989 999
990 999
991 1025
992 1027
993 1025
994 1007
995 1000
996 998
997 1002
998 1046
999 1009
1000 1032
1001 1035
1002 1012
1003 1008
1004 1031
1005 1007
1006 1049
1007 1113
1008 1055
1009 1011
1010 1019
1011 1083
1012 1061
1013 1023
1014 1032
1015 1046
1016 1039
1017 1019
1018 1023
1019 1033
1020 1038
1021 1031
1022 1037
1023 1103
1024 1073
1025 1034
1026 1031
1027 1045
1028 1054
1029 1085
1030 1057
1031 1033
1032 1053
1033 1035
1034 1039
1035 1045
1036 1106
1037 1047
1038 1043
1039 1068
1040 1045
1041 1043
1042 1047
1043 1084
1044 1053
1045 1081
1046 1109
1047 1081
1048 1057
1049 1064
1050 1090
1051 1053
1052 1144
1053 1058
1054 1063
1055 1057
1056 1084
1057 1062
1058 1104
1059 1068
1060 1171
1061 1111
1062 1076
1063 1072
1064 1086
1065 1067
1066 1071
1067 1138
1068 1089
1069 1088
1070 1110
1071 1073
1072 1089
1073 1126
1074 1079
1075 1077
1076 1130
1077 1086
1078 1122
1079 1088
1080 1096
1081 1086
1082 1101
1083 1088
1084 1093
1085 1099
1086 1103
1087 1102
1088 1111
1089 1098
1090 1095
1091 1101
1092 1104
1093 1111
1094 1152
1095 1100
1096 1155
1097 1102
1098 1125
1099 1101
1100 1117
1101 1112
1102 1104
1103 1128
1104 1141
1105 1107
1106 1111
1107 1171
1108 1121
1109 1198
1110 1138
1111 1116
1112 1126
1113 1135
1114 1142
1115 1124
1116 1118
1117 1209
1118 1120
1119 1128
1120 1125
1121 1123
1122 1174
1123 1146
1124 1126
1125 1154
1126 1144
1127 1143
1128 1224
1129 1156
1130 1140
1131 1168
1132 1147
1133 1138
1134 1172
1135 1144
1136 1141
1137 1192
1138 1167
1139 1148
1140 1172
1141 1146
1142 1151
1143 1181
1144 1159
1145 1168
1146 1148
1147 1182
1148 1230
1149 1154
1150 1152
1151 1177
1152 1214
1153 1183
1154 1159
1155 1185
1156 1161
1157 1159
1158 1170
1159 1216
1160 1170
1161 1217
1162 1171
1163 1173
1164 1208
1165 1174
1166 1168
1167 1185
1168 1170
1169 1174
1170 1172
1171 1216
1172 1174
1173 1178
1174 1187
1175 1184
1176 1214
1177 1188
1178 1215
1179 1203
1180 1225
1181 1190
1182 1196
1183 1188
1184 1306
1185 1240
1186 1210
1187 1210
1188 1193
1189 1198
1190 1192
1191 1225
1192 1203
1193 1217
1194 1231
1195 1197
1196 1218
1197 1212
1198 1272
1199 1201
1200 1246
1201 1211
1202 1207
1203 1212
1204 1252
1205 1207
1206 1234
1207 1216
1208 1213
1209 1262
1210 1227
1211 1220
1212 1243
1213 1218
1214 1223
1215 1249
1216 1239
1217 1219
1218 1256
1219 1250
1220 1225
1221 1255
1222 1231
1223 1271
1224 1233
1225 1227
1226 1247
1227 1256
1228 1275
1229 1241
1230 1357
1231 1233
1232 1327
1233 1235
1234 1303
1235 1251
1236 1238
1237 1254
1238 1263
1239 1241
1240 1255
1241 1246
1242 1257
1243 1321
1244 1253
1245 1247
1246 1280
1247 1263
1248 1253
1249 1258
1250 1264
1251 1256
1252 1297
1253 1322
1254 1281
1255 1314
1256 1261
1257 1275
1258 1267
1259 1280
1260 1265
1261 1263
1262 1306
1263 1294
1264 1266
1265 1286
1266 1283
1267 1289
1268 1270
1269 1274
1270 1280
1271 1316
1272 1307
1273 1339
1274 1301
1275 1362
1276 1278
1277 1282
1278 1337
1279 1284
1280 1282
1281 1286
1282 1320
1283 1313
1284 1309
1285 1287
1286 1313
1287 1337
1288 1290
1289 1400
1290 1317
1291 1376
1292 1306
1293 1298
1294 1309
1295 1328
1296 1324
1297 1302
1298 1314
1299 1332
1300 1309
1301 1311
1302 1307
1303 1369
1304 1309
1305 1349
1306 1308
1307 1345
1308 1321
1309 1314
1310 1319
1311 1346
1312 1366
1313 1332
1314 1338
1315 1342
1316 1439
1317 1326
1318 1344
1319 1333
1320 1329
1321 1323
1322 1331
1323 1391
1324 1333
1325 1327
1326 1352
1327 1339
1328 1417
1329 1331
1330 1354
1331 1356
1332 1389
1333 1342
1334 1366
1335 1351
1336 1357
1337 1451
1338 1401
1339 1367
1340 1342
1341 1360
1342 1344
1343 1366
1344 1349
1345 1357
1346 1404
1347 1352
1348 1350
1349 1378
1350 1404
1351 1372
1352 1354
1353 1372
1354 1356
1355 1360
1356 1426
1357 1397
1358 1450
1359 1364
1360 1374
1361 1370
1362 1367
1363 1403
1364 1373
1365 1385
1366 1395
1367 1419
1368 1377
1369 1374
1370 1398
1371 1417
1372 1374
1373 1421
1374 1431
1375 1406
1376 1385
1377 1402
1378 1427
1379 1406
1380 1393
1381 1386
1382 1464
1383 1388
1384 1414
1385 1394
1386 1388
1387 1396
1388 1398
1389 1436
1390 1413
1391 1460
1392 1394
1393 1487
1394 1416
1395 1420
1396 1401
1397 1450
1398 1403
1399 1441
1400 1498
1401 1485
1402 1407
1403 1420
1404 1422
1405 1407
1406 1443
1407 1409
1408 1442
1409 1445
1410 1525
1411 1413
1412 1417
1413 1422
1414 1449
1415 1426
1416 1426
1417 1443
1418 1427
1419 1424
1420 1422
1421 1431
1422 1496
1423 1428
1424 1496
1425 1444
1426 1453
1427 1436
1428 1468
1429 1434
1430 1458
1431 1440
1432 1434
1433 1460
1434 1445
1435 1452
1436 1438
1437 1454
1438 1453
1439 1500
1440 1445
1441 1534
1442 1447
1443 1445
1444 1454
1445 1498
1446 1448
1447 1541
1448 1453
1449 1459
1450 1452
1451 1456
1452 1461
1453 1546
1454 1463
1455 1475
1456 1461
1457 1459
1458 1584
1459 1470
1460 1480
1461 1499
1462 1486
1463 1465
1464 1489
1465 1467
1466 1486
1467 1476
1468 1482
1469 1474
1470 1502
1471 1497
1472 1570
1473 1482
1474 1504
1475 1480
1476 1594
1477 1482
1478 1480
1479 1503
1480 1497
1481 1518
1482 1487
1483 1498
1484 1516
1485 1490
1486 1531
1487 1496
1488 1531
1489 1498
1490 1504
1491 1496
1492 1504
1493 1509
1494 1508
1495 1504
1496 1518
1497 1539
1498 1500
1499 1508
1500 1510
1501 1544
1502 1518
1503 1518
1504 1523
1505 1537
1506 1523
1507 1509
1508 1519
1509 1565
1510 1515
1511 1532
1512 1522
1513 1522
1514 1549
1515 1562
1516 1530
1517 1529
1518 1573
1519 1533
1520 1573
1521 1526
1522 1558
1523 1533
1524 1602
1525 1546
1526 1557
1527 1544
1528 1555
1529 1531
1530 1562
1531 1570
1532 1576
1533 1650
1534 1539
1535 1544
1536 1550
1537 1542
1538 1556
1539 1541
1540 1545
1541 1593
1542 1571
1543 1552
1544 1560
1545 1555
1546 1560
1547 1552
1548 1599
1549 1551
1550 1555
1551 1553
1552 1635
1553 1558
1554 1566
1555 1564
1556 1599
1557 1668
1558 1568
1559 1564
1560 1569
1561 1585
1562 1573
1563 1614
1564 1569
1565 1593
1566 1571
1567 1583
1568 1577
1569 1579
1570 1575
1571 1704
1572 1574
1573 1590
1574 1618
1575 1595
1576 1599
1577 1611
1578 1663
1579 1588
1580 1626
1581 1586
1582 1612
1583 1588
1584 1609
1585 1587
1586 1655
1587 1633
1588 1632
1589 1591
1590 1615
1591 1600
1592 1597
1593 1668
1594 1611
1595 1606
1596 1616
1597 1606
1598 1616
1599 1640
1600 1645
1601 1648
1602 1621
1603 1648
1604 1649
1605 1647
1606 1633
1607 1669
1608 1617
1609 1662
1610 1619
1611 1637
1612 1632
1613 1650
1614 1679
1615 1633
1616 1618
1617 1626
1618 1623
1619 1621
1620 1625
1621 1659
1622 1624
1623 1641
1624 1626
1625 1635
1626 1689
1627 1640
1628 1630
1629 1634
1630 1680
1631 1649
1632 1651
1633 1655
1634 1697
1635 1637
1636 1675
1637 1712
1638 1685
1639 1644
1640 1642
1641 1646
1642 1687
1643 1645
1644 1649
1645 1655
1646 1667
1647 1668
1648 1650
1649 1748
1650 1655
1651 1765
1652 1654
1653 1671
1654 1656
1655 1724
1656 1661
1657 1718
1658 1670
1659 1690
1660 1677
1661 1663
1662 1667
1663 1740
1664 1822
1665 1675
1666 1671
1667 1676
1668 1710
1669 1674
1670 1717
1671 1690
1672 1728
1673 1746
1674 1683
1675 1677
1676 1783
1677 1706
1678 1717
1679 1746
1680 1682
1681 1686
1682 1712
1683 1692
1684 1791
1685 1742
1686 1688
1687 1717
1688 1697
1689 1694
1690 1707
1691 1696
1692 1717
1693 1702
1694 1713
1695 1697
1696 1743
1697 1757
1698 1715
1699 1739
1700 1756
1701 1748
1702 1707
1703 1713
1704 1713
1705 1707
1706 1715
1707 1712
1708 1710
1709 1789
1710 1712
1711 1787
1712 1722
1713 1715
1714 1719
1715 1724
1716 1765
1717 1722
1718 1765
1719 1763
1720 1762
1721 1773
1722 1727
1723 1742
1724 1739
1725 1734
1726 1731
1727 1742
1728 1738
1729 1738
1730 1750
1731 1736
1732 1748
1733 1738
1734 1765
1735 1811
1736 1750
1737 1746
1738 1743
1739 1771
1740 1761
1741 1810
1742 1744
1743 1784
1744 1763
1745 1750
1746 1768
1747 1825
1748 1759
1749 1791
1750 1779
1751 1756
1752 1766
1753 1777
1754 1801
1755 1843
1756 1761
1757 1808
1758 1835
1759 1774
1760 1784
1761 1766
1762 1775
1763 1795
1764 1788
1765 1776
1766 1801
1767 1784
1768 1786
1769 1771
1770 1791
1771 1823
1772 1814
1773 1812
1774 1785
1775 1785
1776 1830
1777 1804
1778 1809
1779 1793
1780 1856
1781 1786
1782 1791
1783 1785
1784 1793
1785 1806
1786 1788
1787 1813
1788 1803
1789 1813
1790 1803
1791 1808
1792 1794
1793 1871
1794 1813
1795 1797
1796 1823
1797 1802
1798 1808
1799 1814
1800 1837
1801 1845
1802 1831
1803 1839
1804 1809
1805 1819
1806 1825
1807 1817
1808 1825
1809 1882
1810 1815
1811 1849
1812 1860
1813 1861
1814 1831
1815 1864
1816 1851
1817 1852
1818 1820
1819 1866
1820 1829
1821 1861
1822 1842
1823 1849
1824 1826
1825 1830
1826 1828
1827 1850
1828 1837
1829 1834
1830 1859
1831 1836
1832 1993
1833 1838
1834 1836
1835 1840
1836 1838
1837 1854
1838 1864
1839 1850
1840 1852
1841 1884
1842 1847
1843 1856
1844 1854
1845 1854
1846 1881
1847 1859
1848 1993
1849 1902
1850 1855
1851 1861
1852 1854
1853 1882
1854 1863
1855 1865
1856 1867
1857 1862
1858 1907
1859 1947
1860 1883
1861 1863
1862 1917
1863 1883
1864 1876
1865 1963
1866 1938
1867 1872
1868 1870
1869 1874
1870 1872
1871 1876
1872 1900
1873 1878
1874 1884
1875 1888
1876 1910
1877 1928
1878 1929
1879 1881
1880 2046
1881 1886
1882 1884
1883 1888
1884 1968
1885 1895
1886 1895
1887 1889
1888 1958
1889 1894
1890 1932
1891 1913
1892 1988
1893 1945
1894 1931
1895 1908
1896 1926
1897 1939
1898 1900
1899 1911
1900 1923
1901 2005
1902 1911
1903 1908
1904 1915
1905 1915
1906 1944
1907 1912
1908 1910
1909 2013
1910 1915
1911 1933
1912 1923
1913 1994
1914 1933
1915 1985
1916 1928
1917 1937
1918 1927
1919 1946
1920 2019
1921 1926
1922 1955
1923 1948
1924 1926
1925 1983
1926 1928
1927 1936
1928 1933
1929 1974
1930 1967
1931 1933
1932 1955
1933 1938
1934 2021
1935 1967
1936 1945
1937 1963
1938 1943
1939 2029
1940 2046
1941 1983
1942 1951
1943 1945
1944 1993
1945 2036
1946 1972
1947 1952
1948 1957
1949 1985
1950 1952
1951 1997
1952 1961
1953 1958
1954 1964
1955 1967
1956 2006
1957 2008
1958 1960
1959 1968
1960 1972
1961 2038
1962 1979
1963 1979
1964 1966
1965 1970
1966 1981
1967 1976
1968 1981
1969 2062
1970 2011
1971 1980
1972 1986
1973 2032
1974 1987
1975 2009
1976 2039
1977 2019
1978 2040
1979 1988
1980 1982
1981 2032
1982 1987
1983 1985
1984 2044
1985 2005
1986 2043
1987 2112
1988 1990
1989 1999
1990 2029
1991 1996
1992 2005
1993 2005
1994 2008
1995 2013
1996 2014
1997 2059
1998 2008
1999 2004
2000 2002
2001 2006
2002 2043
2003 2041
2004 2006
2005 2033
2006 2052
2007 2034
2008 2055
2009 2014
2010 2042
2011 2021
2012 2021
2013 2015
2014 2023
2015 2044
2016 2052
2017 2093
2018 2052
2019 2079
2020 2025
2021 2030
2022 2024
2023 2080
2024 2026
2025 2048
2026 2087
2027 2032
2028 2131
2029 2031
2030 2050
2031 2063
2032 2034
2033 2095
2034 2064
2035 2075
2036 2050
2037 2082
2038 2040
2039 2070
2040 2121
2041 2050
2042 2044
2043 2079
2044 2134
2045 2067
2046 2048
2047 2071
2048 2082
2049 2129
2050 2074
2051 2081
2052 2061
2053 2055
2054 2075
2055 2057
2056 2066
2057 2092
2058 2129
2059 2061
2060 2083
2061 2070
2062 2067
2063 2073
2064 2066
2065 2137
2066 2160
2067 2069
2068 2073
2069 2071
2070 2087
2071 2073
2072 2106
2073 2119
2074 2106
2075 2150
2076 2078
2077 2086
2078 2083
2079 2081
2080 2099
2081 2090
2082 2155
2083 2108
2084 2103
2085 2107
2086 2161
2087 2096
2088 2098
2089 2100
2090 2095
2091 2146
2092 2094
2093 2098
2094 2120
2095 2164
2096 2098
2097 2126
2098 2107
2099 2104
2100 2102
2101 2150
2102 2130
2103 2141
2104 2131
2105 2110
2106 2128
2107 2160
2108 2113
2109 2159
2110 2164
2111 2121
2112 2145
2113 2118
2114 2132
2115 2124
2116 2121
2117 2182
2118 2141
2119 2151
2120 2189
2121 2126
2122 2124
2123 2184
2124 2126
2125 2152
2126 2217
2127 2132
2128 2144
2129 2190
2130 2189
2131 2227
2132 2150
2133 2168
2134 2157
2135 2152
2136 2186
2137 2146
2138 2195
2139 2172
2140 2149
2141 2158
2142 2225
2143 2189
2144 2158
2145 2150
2146 2157
2147 2256
2148 2246
2149 2168
2150 2272
2151 2182
2152 2154
2153 2158
2154 2156
2155 2255
2156 2179
2157 2215
2158 2168
2159 2214
2160 2201
2161 2166
2162 2213
2163 2173
2164 2248
2165 2209
2166 2171
2167 2176
2168 2170
2169 2178
2170 2300
2171 2220
2172 2174
2173 2237
2174 2184
2175 2246
2176 2178
2177 2251
2178 2183
2179 2181
2180 2191
2181 2214
2182 2191
2183 2226
2184 2203
2185 2200
2186 2196
2187 2228
2188 2237
2189 2235
2190 2207
2191 2250
2192 2353
2193 2202
2194 2196
2195 2204
2196 2201
2197 2225
2198 2226
2199 2204
2200 2202
2201 2206
2202 2204
2203 2208
2204 2218
2205 2214
2206 2236
2207 2218
2208 2217
2209 2211
2210 2219
2211 2221
2212 2224
2213 2260
2214 2223
2215 2337
2216 2233
2217 2219
2218 2263
2219 2228
2220 2252
2221 2236
2222 2232
2223 2254
2224 2237
2225 2235
2226 2401
2227 2309
2228 2237
2229 2258
2230 2232
2231 2251
2232 2251
2233 2254
2234 2281
2235 2261
2236 2238
2237 2252
2238 2243
2239 2280
2240 2327
2241 2257
2242 2271
2243 2253
2244 2333
2245 2247
2246 2289
2247 2261
2248 2257
2249 2336
2250 2252
2251 2331
2252 2261
2253 2268
2254 2283
2255 2304
2256 2294
2257 2259
2258 2289
2259 2268
2260 2285
2261 2263
2262 2267
2263 2310
2264 2289
2265 2267
2266 2276
2267 2309
2268 2273
2269 2302
2270 2284
2271 2331
2272 2332
2273 2282
2274 2284
2275 2280
2276 2287
2277 2286
2278 2317
2279 2284
2280 2282
2281 2307
2282 2309
2283 2288
2284 2297
2285 2339
2286 2345
2287 2352
2288 2290
2289 2334
2290 2323
2291 2313
2292 2330
2293 2334
2294 2386
2295 2300
2296 2312
2297 2312
2298 2307
2299 2320
2300 2305
2301 2303
2302 2319
2303 2370
2304 2309
2305 2314
2306 2325
2307 2312
2308 2389
2309 2350
2310 2312
2311 2450
2312 2314
2313 2318
2314 2393
2315 2317
2316 2358
2317 2341
2318 2341
2319 2328
2320 2322
2321 2363
2322 2441
2323 2343
2324 2355
2325 2379
2326 2359
2327 2329
2328 2417
2329 2369
2330 2387
2331 2384
2332 2380
2333 2335
2334 2363
2335 2377
2336 2341
2337 2339
2338 2343
2339 2348
2340 2368
2341 2343
2342 2391
2343 2398
2344 2346
2345 2522
2346 2366
2347 2399
2348 2357
2349 2363
2350 2373
2351 2353
2352 2357
2353 2390
2354 2372
2355 2373
2356 2380
2357 2389
2358 2363
2359 2411
2360 2362
2361 2434
2362 2379
2363 2365
2364 2369
2365 2367
2366 2371
2367 2384
2368 2471
2369 2371
2370 2379
2371 2450
2372 2397
2373 2394
2374 2412
2375 2424
2376 2381
2377 2386
2378 2394
2379 2389
2380 2404
2381 2405
2382 2409
2383 2388
2384 2386
2385 2451
2386 2403
2387 2401
2388 2448
2389 2469
2390 2424
2391 2403
2392 2517
2393 2398
2394 2396
2395 2400
2396 2453
2397 2407
2398 2511
2399 2401
2400 2405
2401 2432
2402 2411
2403 2408
2404 2417
2405 2445
2406 2446
2407 2524
2408 2471
2409 2418
2410 2415
2411 2413
2412 2422
2413 2418
2414 2469
2415 2420
2416 2418
2417 2428
2418 2500
2419 2421
2420 2425
2421 2430
2422 2437
2423 2467
2424 2426
2425 2443
2426 2428
2427 2447
2428 2430
2429 2434
2430 2531
2431 2433
2432 2468
2433 2468
2434 2464
2435 2501
2436 2463
2437 2471
2438 2486
2439 2441
2440 2465
2441 2450
2442 2471
2443 2454
2444 2481
2445 2488
2446 2451
2447 2502
2448 2453
2449 2535
2450 2452
2451 2468
2452 2470
2453 2458
2454 2472
2455 2500
2456 2507
2457 2510
2458 2502
2459 2473
2460 2478
2461 2516
2462 2520
2463 2500
2464 2473
2465 2475
2466 2499
2467 2518
2468 2473
2469 2480
2470 2472
2471 2496
2472 2496
2473 2478
2474 2490
2475 2484
2476 2516
2477 2479
2478 2517
2479 2481
2480 2506
2481 2491
2482 2487
2483 2511
2484 2497
2485 2490
2486 2488
2487 2517
2488 2548
2489 2494
2490 2665
2491 2542
2492 2518
2493 2541
2494 2496
2495 2500
2496 2498
2497 2502
2498 2519
2499 2528
2500 2505
2501 2662
2502 2511
2503 2570
2504 2506
2505 2529
2506 2537
2507 2517
2508 2542
2509 2593
2510 2528
2511 2520
2512 2523
2513 2554
2514 2541
2515 2517
2516 2637
2517 2550
2518 2594
2519 2543
2520 2522
2521 2531
2522 2563
2523 2528
2524 2526
2525 2691
2526 2535
2527 2529
2528 2561
2529 2531
2530 2535
2531 2546
2532 2632
2533 2550
2534 2564
2535 2546
2536 2538
2537 2571
2538 2554
2539 2544
2540 2557
2541 2590
2542 2544
2543 2565
2544 2596
2545 2559
2546 2557
2547 2552
2548 2626
2549 2554
2550 2560
2551 2684
2552 2561
2553 2555
2554 2573
2555 2585
2556 2644
2557 2575
2558 2595
2559 2619
2560 2570
2561 2621
2562 2564
2563 2604
2564 2650
2565 2610
2566 2580
2567 2576
2568 2573
2569 2579
2570 2572
2571 2595
2572 2574
2573 2599
2574 2579
2575 2577
2576 2581
2577 2594
2578 2606
2579 2598
2580 2603
2581 2625
2582 2649
2583 2625
2584 2634
2585 2603
2586 2599
2587 2640
2588 2602
2589 2594
2590 2592
2591 2606
2592 2657
2593 2666
2594 2653
2595 2615
2596 2626
2597 2599
2598 2603
2599 2632
2600 2617
2601 2630
2602 2621
2603 2612
2604 2655
2605 2641
2606 2608
2607 2756
2608 2674
2609 2650
2610 2646
2611 2672
2612 2652
2613 2701
2614 2658
2615 2673
2616 2648
2617 2619
2618 2637
2619 2634
2620 2625
2621 2623
2622 2627
2623 2654
2624 2676
2625 2635
2626 2631
2627 2636
2628 2658
2629 2634
2630 2632
2631 2636
2632 2742
2633 2642
2634 2636
2635 2644
2636 2655
2637 2639
2638 2806
2639 2699
2640 2642
2641 2646
2642 2653
2643 2662
2644 2653
2645 2656
2646 2681
2647 2689
2648 2679
2649 2658
2650 2664
2651 2656
2652 2654
2653 2737
2654 2707
2655 2660
2656 2665
2657 2672
2658 2668
2659 2674
2660 2678
2661 2663
2662 2671
2663 2717
2664 2760
2665 2702
2666 2675
2667 2672
2668 2700
2669 2706
2670 2679
2671 2697
2672 2677
2673 2682
2674 2709
2675 2715
2676 2713
2677 2703
2678 2688
2679 2690
2680 2696
2681 2690
2682 2692
2683 2688
2684 2686
2685 2690
2686 2720
2687 2727
2688 2693
2689 2742
2690 2751
2691 2713
2692 2694
2693 2732
2694 2704
2695 2771
2696 2706
2697 2715
2698 2712
2699 2704
2700 2815
2701 2871
2702 2745
2703 2723
2704 2793
2705 2730
2706 2708
2707 2721
2708 2744
2709 2753
2710 2720
2711 2720
2712 2714
2713 2763
2714 2719
2715 2807
2716 2721
2717 2731
2718 2769
2719 2760
2720 2761
2721 2768
2722 2736
2723 2762
2724 2729
2725 2804
2726 2802
2727 2782
2728 2806
2729 2744
2730 2867
2731 2756
2732 2743
2733 2748
2734 2748
2735 2744
2736 2769
2737 2821
2738 2800
2739 2783
2740 2745
2741 2787
2742 2766
2743 2782
2744 2764
2745 2779
2746 2827
2747 2756
2748 2753
2749 2770
2750 2791
2751 2844
2752 2795
2753 2777
2754 2756
2755 2760
2756 2841
2757 2791
2758 2810
2759 2764
2760 2772
2761 2763
2762 2779
2763 2855
2764 2859
2765 2767
2766 2771
2767 2834
2768 2820
2769 2802
2770 2794
2771 2804
2772 2781
2773 2778
2774 2784
2775 2837
2776 2786
2777 2826
2778 2787
2779 2781
2780 2807
2781 2811
2782 2908
2783 2801
2784 2803
2785 2805
2786 2791
2787 2797
2788 2804
2789 2946
2790 2792
2791 2796
2792 2794
2793 2818
2794 2852
2795 2800
2796 2805
2797 2833
2798 2818
2799 2814
2800 2858
2801 2877
2802 2804
2803 2826
2804 2864
2805 2821
2806 2823
2807 2812
2808 2818
2809 2818
2810 2812
2811 3022
2812 2839
2813 2818
2814 2888
2815 2877
2816 2818
2817 2822
2818 2827
2819 2875
2820 2822
2821 2837
2822 2845
2823 2849
2824 2841
2825 2830
2826 2880
2827 2861
2828 2838
2829 2838
2830 2879
2831 2856
2832 2869
2833 2876
2834 2848
2835 2844
2836 2870
2837 2842
2838 2869
2839 2944
2840 2849
2841 2843
2842 2937
2843 2892
2844 2864
2845 2847
2846 2908
2847 2866
2848 2905
2849 2896
2850 2870
2851 2860
2852 2875
2853 2855
2854 2872
2855 2860
2856 2870
2857 2921
2858 2903
2859 2892
2860 2862
2861 2866
2862 2899
2863 2868
2864 2894
2865 2889
2866 2913
2867 3014
2868 2923
2869 2893
2870 2875
2871 2873
2872 2882
2873 2963
2874 2918
2875 2889
2876 2922
2877 2887
2878 2899
2879 2888
2880 2911
2881 2908
2882 2952
2883 2912
2884 2910
2885 2887
2886 2903
2887 2889
2888 2893
2889 3013
2890 2895
2891 2919
2892 2925
2893 2898
2894 2959
2895 2909
2896 2920
2897 2943
2898 2935
2899 2910
2900 2909
2901 2918
2902 2934
2903 2919
2904 2920
2905 2914
2906 2977
2907 2924
2908 2988
2909 2942
2910 2937
2911 2916
2912 2940
2913 2992
2914 2979
2915 2920
2916 3002
2917 2956
2918 2928
2919 3033
2920 2937
2921 2938
2922 2931
2923 2989
2924 2977
2925 2927
2926 2931
2927 2939
2928 2937
2929 2931
2930 2950
2931 2933
2932 2937
2933 2943
2934 2943
2935 2937
2936 2945
2937 3004
2938 2988
2939 2963
2940 3018
2941 2968
2942 2958
2943 2995
2944 2965
2945 2965
2946 2993
2947 2949
2948 3014
2949 2951
2950 2967
2951 2953
2952 2980
2953 3007
2954 2966
2955 3006
2956 2961
2957 2959
2958 2968
2959 3057
2960 2971
2961 3000
2962 3024
2963 2973
2964 3046
2965 2991
2966 3002
2967 2969
2968 2977
2969 2980
2970 2975
2971 3023
2972 3003
2973 2978
2974 2976
2975 3032
2976 3020
2977 3124
2978 3007
2979 3005
2980 3021
2981 3120
2982 2984
2983 3006
2984 3015
2985 3037
2986 2995
2987 2992
2988 2990
2989 3027
2990 3099
2991 3037
2992 3085
2993 3002
2994 3128
2995 3029
2996 2998
2997 3052
2998 3003
2999 3009
3000 3029
3001 3036
3002 3073
3003 3005
3004 3013
3005 3091
3006 3047
3007 3009
3008 3026
3009 3011
3010 3029
3011 3120
3012 3014
3013 3093
3014 3036
3015 3063
3016 3080
3017 3037
3018 3107
3019 3075
3020 3022
3021 3030
3022 3027
3023 3131
3024 3029
3025 3027
3026 3031
3027 3036
3028 3030
3029 3063
3030 3035
3031 3041
3032 3041
3033 3065
3034 3036
3035 3045
3036 3041
3037 3046
3038 3052
3039 3059
3040 3045
3041 3086
3042 3047
3043 3162
3044 3115
3045 3064
3046 3102
3047 3049
3048 3094
3049 3051
3050 3055
3051 3065
3052 3083
3053 3062
3054 3127
3055 3088
3056 3061
3057 3134
3058 3072
3059 3064
3060 3115
3061 3070
3062 3088
3063 3110
3064 3073
3065 3085
3066 3068
3067 3117
3068 3070
3069 3112
3070 3159
3071 3119
3072 3114
3073 3075
3074 3160
3075 3107
3076 3111
3077 3096
3078 3236
3079 3081
3080 3085
3081 3090
3082 3100
3083 3102
3084 3086
3085 3107
3086 3203
3087 3089
3088 3236
3089 3100
3090 3125
3091 3100
3092 3094
3093 3192
3094 3099
3095 3104
3096 3110
3097 3173
3098 3140
3099 3155
3100 3109
3101 3135
3102 3107
3103 3181
3104 3109
3105 3118
3106 3108
3107 3124
3108 3132
3109 3111
3110 3123
3111 3156
3112 3121
3113 3131
3114 3119
3115 3139
3116 3118
3117 3126
3118 3123
3119 3145
3120 3129
3121 3135
3122 3127
3123 3125
3124 3159
3125 3176
3126 3146
3127 3138
3128 3146
3129 3153
3130 3145
3131 3204
3132 3134
3133 3174
3134 3158
3135 3198
3136 3141
3137 3189
3138 3159
3139 3144
3140 3211
3141 3183
3142 3176
3143 3157
3144 3149
3145 3177
3146 3227
3147 3191
3148 3177
3149 3158
3150 3160
3151 3218
3152 3181
3153 3221
3154 3298
3155 3184
3156 3161
3157 3159
3158 3163
3159 3169
3160 3265
3161 3166
3162 3197
3163 3258
3164 3228
3165 3174
3166 3168
3167 3176
3168 3218
3169 3202
3170 3199
3171 3188
3172 3216
3173 3198
3174 3191
3175 3189
3176 3178
3177 3241
3178 3196
3179 3209
3180 3195
3181 3227
3182 3237
3183 3205
3184 3213
3185 3199
3186 3245
3187 3227
3188 3197
3189 3205
3190 3260
3191 3252
3192 3197
3193 3195
3194 3211
3195 3197
3196 3213
3197 3242
3198 3207
3199 3217
3200 3223
3201 3220
3202 3284
3203 3230
3204 3248
3205 3313
3206 3211
3207 3217
3208 3312
3209 3211
3210 3215
3211 3226
3212 3221
3213 3288
3214 3242
3215 3257
3216 3221
3217 3255
3218 3310
3219 3228
3220 3222
3221 3271
3222 3324
3223 3259
3224 3288
3225 3296
3226 3235
3227 3229
3228 3314
3229 3285
3230 3271
3231 3264
3232 3237
3233 3277
3234 3275
3235 3240
3236 3246
3237 3246
3238 3240
3239 3373
3240 3245
3241 3256
3242 3343
3243 3286
3244 3310
3245 3288
3246 3348
3247 3249
3248 3281
3249 3300
3250 3313
3251 3302
3252 3309
3253 3255
3254 3263
3255 3272
3256 3266
3257 3262
3258 3267
3259 3303
3260 3265
3261 3263
3262 3327
3263 3299
3264 3310
3265 3274
3266 3309
3267 3279
3268 3285
3269 3303
3270 3345
3271 3295
3272 3300
3273 3302
3274 3276
3275 3352
3276 3344
3277 3290
3278 3288
3279 3284
3280 3321
3281 3295
3282 3370
3283 3343
3284 3286
3285 3333
3286 3359
3287 3292
3288 3340
3289 3360
3290 3292
3291 3357
3292 3294
3293 3298
3294 3317
3295 3311
3296 3352
3297 3318
3298 3355
3299 3304
3300 3302
3301 3341
3302 3364
3303 3501
3304 3313
3305 3317
3306 3320
3307 3334
3308 3325
3309 3327
3310 3347
3311 3336
3312 3323
3313 3318
3314 3324
3315 3350
3316 3461
3317 3331
3318 3343
3319 3333
3320 3381
3321 3330
3322 3337
3323 3354
3324 3342
3325 3327
3326 3368
3327 3329
3328 3351
3329 3346
3330 3332
3331 3348
3332 3393
3333 3377
3334 3424
3335 3344
3336 3341
3337 3353
3338 3437
3339 3360
3340 3352
3341 3463
3342 3351
3343 3389
3344 3363
3345 3389
3346 3390
3347 3368
3348 3365
3349 3351
3350 3367
3351 3468
3352 3354
3353 3420
3354 3369
3355 3360
3356 3358
3357 3367
3358 3409
3359 3364
3360 3362
3361 3373
3362 3367
3363 3434
3364 3369
3365 3380
3366 3375
3367 3418
3368 3370
3369 3374
3370 3379
3371 3395
3372 3377
3373 3384
3374 3489
3375 3461
3376 3378
3377 3386
3378 3391
3379 3384
3380 3450
3381 3474
3382 3396
3383 3388
3384 3386
3385 3390
3386 3728
3387 3402
3388 3393
3389 3413
3390 3437
3391 3393
3392 3397
3393 3445
3394 3412
3395 3397
3396 3401
3397 3475
3398 3436
3399 3422
3400 3445
3401 3412
3402 3503
3403 3454
3404 3413
3405 3426
3406 3416
3407 3412
3408 3472
3409 3448
3410 3464
3411 3413
3412 3417
3413 3415
3414 3441
3415 3444
3416 3483
3417 3419
3418 3512
3419 3428
3420 3466
3421 3528
3422 3424
3423 3452
3424 3484
3425 3486
3426 3441
3427 3510
3428 3646
3429 3446
3430 3450
3431 3471
3432 3455
3433 3459
3434 3443
3435 3500
3436 3438
3437 3556
3438 3448
3439 3441
3440 3445
3441 3450
3442 3458
3443 3453
3444 3455
3445 3477
3446 3550
3447 3449
3448 3495
3449 3451
3450 3486
3451 3500
3452 3475
3453 3462
3454 3456
3455 3480
3456 3481
3457 3534
3458 3463
3459 3513
3460 3469
3461 3466
3462 3597
3463 3465
3464 3469
3465 3474
3466 3509
3467 3469
3468 3473
3469 3514
3470 3493
3471 3483
3472 3477
3473 3482
3474 3476
3475 3484
3476 3481
3477 3592
3478 3500
3479 3481
3480 3501
3481 3490
3482 3538
3483 3485
3484 3559
3485 3523
3486 3521
3487 3496
3488 3498
3489 3494
3490 3554
3491 3493
3492 3497
3493 3553
3494 3496
3495 3511
3496 3501
3497 3506
3498 3519
3499 3541
3500 3509
3501 3503
3502 3521
3503 3544
3504 3557
3505 3538
3506 3616
3507 3538
3508 3550
3509 3519
3510 3515
3511 3513
3512 3643
3513 3596
3514 3548
3515 3520
3516 3525
3517 3532
3518 3523
3519 3521
3520 3604
3521 3523
3522 3532
3523 3528
3524 3622
3525 3603
3526 3628
3527 3529
3528 3537
3529 3567
3530 3539
3531 3533
3532 3599
3533 3560
3534 3536
3535 3559
3536 3541
3537 3548
3538 3547
3539 3583
3540 3587
3541 3550
3542 3559
3543 3606
3544 3549
3545 3591
3546 3548
3547 3570
3548 3562
3549 3602
3550 3586
3551 3560
3552 3659
3553 3555
3554 3587
3555 3604
3556 3558
3557 3574
3558 3597
3559 3564
3560 3575
3561 3626
3562 3687
3563 3729
3564 3566
3565 3589
3566 3587
3567 3577
3568 3602
3569 3571
3570 3595
3571 3576
3572 3574
3573 3578
3574 3583
3575 3648
3576 3645
3577 3626
3578 3589
3579 3584
3580 3615
3581 3699
3582 3587
3583 3623
3584 3602
3585 3599
3586 3620
3587 3639
3588 3628
3589 3606
3590 3595
3591 3621
3592 3638
3593 3602
3594 3621
3595 3600
3596 3607
3597 3599
3598 3615
3599 3601
3600 3626
3601 3606
3602 3604
3603 3608
3604 3613
3605 3621
3606 3611
3607 3620
3608 3781
3609 3693
3610 3638
3611 3625
3612 3674
3613 3639
3614 3616
3615 3624
3616 3638
3617 3619
3618 3623
3619 3659
3620 3641
3621 3660
3622 3624
3623 3691
3624 3626
3625 3685
3626 3657
3627 3637
3628 3643
3629 3678
3630 3635
3631 3699
3632 3682
3633 3647
3634 3643
3635 3640
3636 3708
3637 3646
3638 3741
3639 3714
3640 3664
3641 3643
3642 3674
3643 3711
3644 3649
3645 3967
3646 3651
3647 3649
3648 3671
3649 3658
3650 3670
3651 3653
3652 3712
3653 3676
3654 3780
3655 3657
3656 3661
3657 3690
3658 3734
3659 3668
3660 3662
3661 3670
3662 3682
3663 3713
3664 3705
3665 3670
3666 3668
3667 3686
3668 3677
3669 3683
3670 3691
3671 3717
3672 3692
3673 3683
3674 3676
3675 3712
3676 3792
3677 3744
3678 3735
3679 3696
3680 3755
3681 3707
3682 3684
3683 3716
3684 3689
3685 3710
3686 3688
3687 3705
3688 3690
3689 3699
3690 3729
3691 3703
3692 3739
3693 3877
3694 3703
3695 3697
3696 3724
3697 3702
3698 3720
3699 3762
3700 3753
3701 3703
3702 3736
3703 3721
3704 3713
3705 3737
3706 3742
3707 3727
3708 3810
3709 3726
3710 3738
3711 3725
3712 3739
3713 3715
3714 3719
3715 3769
3716 3788
3717 3755
3718 3802
3719 3721
3720 3725
3721 3723
3722 3781
3723 3743
3724 3736
3725 3786
3726 3776
3727 3736
3728 3831
3729 3765
3730 3754
3731 3733
3732 3794
3733 3899
3734 3739
3735 3844
3736 3738
3737 3748
3738 3755
3739 3764
3740 3742
3741 3753
3742 3763
3743 3758
3744 3749
3745 3757
3746 3769
3747 3782
3748 3789
3749 3754
3750 3759
3751 3774
3752 3896
3753 3839
3754 3763
3755 3891
3756 3765
3757 3820
3758 3782
3759 3761
3760 3777
3761 3832
3762 3771
3763 3774
3764 3769
3765 3807
3766 3813
3767 3789
3768 3831
3769 3812
3770 3784
3771 3780
3772 3822
3773 3778
3774 3817
3775 3798
3776 3778
3777 3813
3778 3876
3779 3839
3780 3782
3781 3807
3782 3791
3783 3788
3784 3786
3785 3790
3786 3796
3787 3878
3788 3793
3789 3838
3790 3792
3791 3796
3792 3823
3793 3850
3794 4077
3795 3804
3796 4023
3797 3799
3798 3860
3799 3809
3800 3809
3801 3835
3802 3884
3803 3808
3804 3806
3805 3829
3806 3888
3807 3817
3808 3810
3809 3849
3810 3837
3811 3823
3812 3835
3813 3868
3814 3816
3815 3868
3816 3841
3817 3847
3818 3921
3819 3884
3820 3829
3821 3837
3822 3833
3823 3844
3824 3833
3825 3839
3826 3831
3827 3829
3828 3833
3829 3937
3830 3917
3831 3840
3832 3842
3833 3886
3834 3893
3835 3873
3836 3838
3837 3892
3838 3853
3839 3901
3840 3858
3841 3948
3842 3847
3843 3902
3844 3858
3845 3878
3846 3872
3847 3879
3848 3895
3849 3858
3850 3868
3851 3913
3852 3861
3853 3874
3854 3865
3855 3870
3856 3912
3857 3859
3858 3914
3859 3940
3860 3879
3861 3870
3862 4065
3863 3920
3864 3873
3865 3887
3866 3868
3867 3872
3868 3877
3869 3936
3870 3875
3871 3984
3872 3877
3873 3875
3874 3910
3875 3892
3876 3922
3877 3882
3878 3894
3879 3952
3880 3885
3881 3908
3882 3899
3883 3950
3884 3898
3885 3896
3886 3921
3887 3943
3888 3898
3889 3909
3890 3908
3891 3900
3892 3919
3893 3898
3894 3925
3895 3967
3896 3913
3897 3920
3898 3929
3899 3941
3900 3902
3901 3910
3902 3907
3903 3905
3904 3943
3905 3956
3906 3936
3907 3934
3908 3965
3909 3981
3910 3919
3911 3931
3912 3960
3913 3915
3914 3938
3915 3929
3916 3921
3917 3926
3918 3920
3919 3954
3920 3925
3921 3982
3922 3955
3923 3991
3924 3968
3925 3948
3926 3935
3927 3929
3928 3987
3929 3949
3930 3944
3931 3936
3932 4041
3933 3957
3934 3992
3935 3945
3936 4035
3937 4030
3938 3961
3939 3956
3940 3968
3941 3960
3942 3944
3943 4007
3944 3954
3945 4044
3946 4004
3947 4011
3948 3953
3949 4038
3950 3952
3951 3956
3952 3981
3953 4025
3954 3956
3955 4024
3956 3961
3957 3959
3958 3969
3959 3976
3960 4045
3961 4040
3962 3998
3963 4007
3964 3973
3965 4012
3966 4034
3967 3981
3968 3973
3969 3983
3970 3979
3971 3976
3972 3982
3973 4031
3974 3990
3975 3994
3976 3978
3977 4007
3978 3987
3979 3984
3980 3982
3981 4003
3982 3999
3983 3985
3984 4025
3985 4014
3986 4056
3987 4019
3988 3997
3989 4008
3990 4002
3991 4109
3992 3994
3993 4004
3994 4046
3995 4107
3996 4155
3997 3999
3998 4039
3999 4044
4000 4002
4001 4077
4002 4085
4003 4013
4004 4021
4005 4026
4006 4022
4007 4034
4008 4022
4009 4065
4010 4213
4011 4020
4012 4022
4013 4018
4014 4103
4015 4020
4016 4018
4017 4022
4018 4086
4019 4146
4020 4059
4021 4033
4022 4059
4023 4079
4024 4118
4025 4046
4026 4123
4027 4032
4028 4062
4029 4060
4030 4057
4031 4040
4032 4084
4033 4038
4034 4076
4035 4065
4036 4048
4037 4039
4038 4141
4039 4084
4040 4076
4041 4050
4042 4097
4043 4048
4044 4076
4045 4050
4046 4060
4047 4049
4048 4053
4049 4095
4050 4116
4051 4060
4052 4118
4053 4266
4054 4094
4055 4057
4056 4061
4057 4066
4058 4060
4059 4236
4060 4252
4061 4091
4062 4067
4063 4073
4064 4066
4065 4171
4066 4087
4067 4076
4068 4070
4069 4116
4070 4087
4071 4096
4072 4074
4073 4129
4074 4076
4075 4084
4076 4141
4077 4086
4078 4094
4079 4084
4080 4082
4081 4106
4082 4091
4083 4097
4084 4109
4085 4087
4086 4140
4087 4152
4088 4120
4089 4112
4090 4207
4091 4124
4092 4118
4093 4127
4094 4111
4095 4106
4096 4117
4097 4155
4098 4146
4099 4162
4100 4105
4101 4103
4102 4121
4103 4151
4104 4148
4105 4138
4106 4115
4107 4170
4108 4190
4109 4114
4110 4179
4111 4113
4112 4117
4113 4246
4114 4132
4115 4131
4116 4140
4117 4122
4118 4128
4119 4128
4120 4177
4121 4131
4122 4159
4123 4128
4124 4126
4125 4184
4126 4174
4127 4146
4128 4186
4129 4169
4130 4162
4131 4133
4132 4137
4133 4142
4134 4136
4135 4154
4136 4354
4137 4153
4138 4169
4139 4144
4140 4150
4141 4228
4142 4144
4143 4182
4144 4158
4145 4150
4146 4148
4147 4179
4148 4175
4149 4212
4150 4168
4151 4266
4152 4157
4153 4190
4154 4172
4155 4307
4156 4161
4157 4166
4158 4160
4159 4186
4160 4213
4161 4194
4162 4195
4163 4172
4164 4190
4165 4275
4166 4226
4167 4172
4168 4187
4169 4252
4170 4187
4171 4176
4172 4209
4173 4232
4174 4197
4175 4224
4176 4191
4177 4202
4178 4227
4179 4247
4180 4198
4181 4205
4182 4205
4183 4203
4184 4253
4185 4195
4186 4188
4187 4218
4188 4190
4189 4198
4190 4209
4191 4206
4192 4201
4193 4209
4194 4208
4195 4200
4196 4252
4197 4351
4198 4229
4199 4254
4200 4264
4201 4232
4202 4207
4203 4212
4204 4277
4205 4210
4206 4249
4207 4217
4208 4210
4209 4277
4210 4317
4211 4232
4212 4244
4213 4239
4214 4248
4215 4220
4216 4218
4217 4308
4218 4220
4219 4239
4220 4229
4221 4238
4222 4251
4223 4228
4224 4302
4225 4300
4226 4235
4227 4232
4228 4287
4229 4323
4230 4251
4231 4240
4232 4494
4233 4280
4234 4243
4235 4240
4236 4377
4237 4360
4238 4243
4239 4241
4240 4245
4241 4311
4242 4275
4243 4268
4244 4249
4245 4259
4246 4255
4247 4283
4248 4282
4249 4266
4250 4252
4251 4289
4252 4313
4253 4333
4254 4264
4255 4277
4256 4265
4257 4285
4258 4327
4259 4323
4260 4262
4261 4484
4262 4267
4263 4265
4264 4283
4265 4412
4266 4316
4267 4313
4268 4273
4269 4296
4270 4306
4271 4303
4272 4304
4273 4283
4274 4279
4275 4284
4276 4319
4277 4288
4278 4280
4279 4284
4280 4312
4281 4318
4282 4287
4283 4339
4284 4294
4285 4406
4286 4297
4287 4299
4288 4305
4289 4318
4290 4343
4291 4404
4292 4361
4293 4302
4294 4307
4295 4353
4296 4310
4297 4302
4298 4322
4299 4358
4300 4305
4301 4432
4302 4307
4303 4336
4304 4328
4305 4307
4306 4321
4307 4347
4308 4341
4309 4311
4310 4315
4311 4320
4312 4339
4313 4315
4314 4352
4315 4340
4316 4325
4317 4322
4318 4320
4319 4338
4320 4348
4321 4332
4322 4338
4323 4376
4324 4410
4325 4497
4326 4355
4327 4380
4328 4340
4329 4399
4330 4346
4331 4333
4332 4350
4333 4370
4334 4336
4335 4431
4336 4392
4337 4364
4338 4406
4339 4363
4340 4384
4341 4353
4342 4351
4343 4345
4344 4433
4345 4350
4346 4355
4347 4485
4348 4386
4349 4354
4350 4363
4351 4360
4352 4354
4353 4362
4354 4359
4355 4389
4356 4388
4357 4366
4358 4363
4359 4379
4360 4391
4361 4399
4362 4389
4363 4527
4364 4382
4365 4385
4366 4465
4367 4369
4368 4386
4369 4387
4370 4432
4371 4410
4372 4377
4373 4488
4374 4383
4375 4377
4376 4411
4377 4440
4378 4392
4379 4423
4380 4385
4381 4392
4382 4396
4383 4449
4384 4423
4385 4394
4386 4396
4387 4392
4388 4390
4389 4412
4390 4418
4391 4393
4392 4465
4393 4451
4394 4399
4395 4397
4396 4401
4397 4469
4398 4467
4399 4421
4400 4402
4401 4425
4402 4411
4403 4426
4404 4530
4405 4426
4406 4483
4407 4462
4408 4463
4409 4411
4410 4419
4411 4428
4412 4417
4413 4439
4414 4438
4415 4417
4416 4421
4417 4473
4418 4491
4419 4502
4420 4422
4421 4441
4422 4431
4423 4437
4424 4487
4425 4439
4426 4435
4427 4455
4428 4454
4429 4459
4430 4447
4431 4458
4432 4441
4433 4468
4434 4439
4435 4437
4436 4530
4437 4442
4438 4455
4439 4454
4440 4449
4441 4446
4442 4444
4443 4448
4444 4454
4445 4500
4446 4451
4447 4463
4448 4469
4449 4545
4450 4537
4451 4481
4452 4454
4453 4462
4454 4506
4455 4576
4456 4564
4457 4459
4458 4469
4459 4509
4460 4524
4461 4471
4462 4471
4463 4478
4464 4469
4465 4467
4466 4476
4467 4485
4468 4482
4469 4521
4470 4498
4471 4485
4472 4517
4473 4487
4474 4538
4475 4485
4476 4481
4477 4576
4478 4520
4479 4496
4480 4482
4481 4520
4482 4495
4483 4488
4484 4660
4485 4487
4486 4591
4487 4496
4488 4502
4489 4504
4490 4529
4491 4505
4492 4501
4493 4538
4494 4523
4495 4528
4496 4529
4497 4506
4498 4550
4499 4561
4500 4502
4501 4526
4502 4507
4503 4591
4504 4538
4505 4536
4506 4548
4507 4580
4508 4547
4509 4551
4510 4543
4511 4546
4512 4521
4513 4568
4514 4573
4515 4648
4516 4533
4517 4593
4518 4549
4519 4575
4520 4529
4521 4523
4522 4547
4523 4801
4524 4534
4525 4527
4526 4531
4527 4560
4528 4595
4529 4588
4530 4552
4531 4545
4532 4590
4533 4544
4534 4594
4535 4623
4536 4627
4537 4539
4538 4635
4539 4544
4540 4542
4541 4572
4542 4551
4543 4574
4544 4546
4545 4550
4546 4622
4547 4557
4548 4586
4549 4551
4550 4598
4551 4579
4552 4602
4553 4649
4554 4563
4555 4560
4556 4723
4557 4567
4558 4617
4559 4564
4560 4562
4561 4566
4562 4564
4563 4568
4564 4578
4565 4818
4566 4611
4567 4635
4568 4570
4569 4632
4570 4695
4571 4601
4572 4602
4573 4616
4574 4576
4575 4585
4576 4581
4577 4605
4578 4583
4579 4595
4580 4643
4581 4586
4582 4592
4583 4585
4584 4618
4585 4610
4586 4598
4587 4666
4588 4624
4589 4591
4590 4613
4591 4608
4592 4647
4593 4598
4594 4603
4595 4597
4596 4707
4597 4627
4598 4647
4599 4619
4600 4662
4601 4603
4602 4607
4603 4633
4604 4712
4605 4622
4606 4616
4607 4612
4608 4610
4609 4614
4610 4619
4611 4613
4612 4651
4613 4873
4614 4627
4615 4645
4616 4675
4617 4619
4618 4628
4619 4729
4620 4749
4621 4626
4622 4758
4623 4640
4624 4633
4625 4630
4626 4675
4627 4660
4628 4693
4629 4631
4630 4635
4631 4642
4632 4641
4633 4666
4634 4679
4635 4674
4636 4735
4637 4642
4638 4640
4639 4660
4640 4654
4641 4650
4642 4647
4643 4653
4644 4727
4645 4650
4646 4674
4647 4649
4648 4667
4649 4760
4650 4681
4651 4719
4652 4710
4653 4655
4654 4659
4655 4681
4656 4681
4657 4697
4658 4684
4659 4757
4660 4665
4661 4675
4662 4725
4663 4691
4664 4686
4665 4675
4666 4731
4667 4702
4668 4727
4669 4728
4670 4717
4671 4682
4672 4677
4673 4727
4674 4712
4675 4680
4676 4721
4677 4691
4678 4828
4679 4693
4680 4713
4681 4705
4682 4846
4683 4685
4684 4693
4685 4690
4686 4697
4687 4689
4688 4766
4689 4780
4690 4692
4691 4725
4692 4712
4693 4827
4694 4724
4695 4763
4696 4701
4697 4738
4698 4714
4699 4704
4700 4767
4701 4745
4702 4704
4703 4734
4704 4719
4705 4710
4706 4708
4707 4808
4708 4754
4709 4738
4710 4761
4711 4732
4712 4751
4713 4761
4714 4724
4715 4869
4716 4735
4717 4727
4718 4764
4719 4782
4720 4751
4721 4737
4722 4753
4723 4728
4724 4752
4725 4824
4726 4728
4727 4771
4728 4778
4729 4798
4730 4758
4731 4823
4732 4746
4733 4768
4734 4739
4735 4766
4736 4745
4737 4760
4738 4846
4739 4810
4740 4749
4741 4766
4742 4747
4743 4773
4744 4894
4745 4750
4746 4748
4747 4752
4748 4758
4749 4768
4750 4778
4751 4770
4752 4761
4753 4794
4754 4789
4755 4952
4756 4767
4757 4762
4758 4767
4759 4795
4760 4787
4761 4778
4762 4934
4763 4772
4764 4861
4765 4767
4766 4784
4767 4812
4768 4806
4769 4771
4770 4787
4771 4776
4772 4935
4773 4793
4774 4783
4775 4785
4776 4871
4777 4808
4778 4780
4779 4784
4780 4803
4781 4867
4782 4802
4783 4816
4784 4925
4785 4804
4786 4788
4787 4797
4788 4861
4789 4803
4790 4792
4791 4832
4792 4834
4793 4847
4794 4796
4795 4987
4796 4842
4797 4820
4798 4891
4799 4801
4800 4809
4801 4806
4802 4813
4803 4858
4804 4813
4805 4845
4806 4827
4807 4821
4808 4813
4809 4911
4810 4923
4811 4830
4812 4848
4813 4823
4814 4865
4815 4817
4816 4836
4817 4886
4818 4852
4819 4860
4820 4825
4821 4830
4822 4858
4823 4859
4824 4826
4825 4834
4826 4831
4827 4865
4828 4874
4829 4834
4830 4901
4831 4836
4832 4842
4833 4881
4834 4836
4835 4964
4836 4841
4837 4849
4838 4840
4839 4856
4840 4842
4841 4940
4842 4867
4843 4852
4844 4867
4845 4903
4846 4875
4847 4909
4848 4926
4849 4922
4850 5026
4851 4856
4852 4920
4853 4954
4854 4871
4855 4908
4856 4858
4857 5023
4858 4868
4859 4902
4860 4876
4861 4866
4862 4871
4863 4877
4864 4877
4865 4870
4866 4868
4867 4903
4868 4964
4869 4940
4870 4912
4871 4968
4872 4928
4873 4976
4874 4900
4875 4891
4876 4890
4877 4882
4878 4888
4879 4888
4880 4895
4881 4955
4882 4930
4883 4885
4884 4909
4885 4947
4886 4896
4887 4889
4888 4966
4889 4910
4890 4892
4891 4934
4892 4911
4893 4937
4894 5064
4895 4904
4896 4901
4897 4922
4898 4908
4899 4917
4900 4909
4901 4912
4902 4949
4903 4991
4904 4916
4905 4953
4906 4928
4907 4923
4908 4963
4909 4950
4910 4941
4911 4932
4912 4949
4913 4918
4914 4916
4915 4976
4916 5001
4917 4919
4918 4936
4919 4921
4920 4925
4921 4976
4922 4927
4923 4925
4924 5045
4925 4927
4926 4964
4927 4936
4928 4948
4929 4931
4930 4976
4931 4978
4932 4943
4933 4997
4934 4995
4935 4959
4936 5056
4937 4956
4938 4947
4939 5010
4940 4949
4941 4994
4942 4947
4943 5026
4944 4953
4945 4959
4946 4951
4947 5070
4948 4965
4949 4958
4950 5030
4951 5035
4952 4990
4953 4979
4954 5030
4955 4974
4956 4958
4957 4977
4958 5109
4959 4972
4960 5006
4961 4975
4962 4973
4963 4968
4964 5058
4965 5039
4966 4984
4967 5008
4968 4995
4969 4991
4970 5052
4971 4994
4972 4974
4973 5078
4974 4979
4975 5006
4976 5048
4977 5024
4978 5005
4979 5024
4980 4982
4981 4986
4982 5060
4983 5058
4984 5024
4985 5010
4986 4995
4987 4989
4988 4997
4989 4994
4990 5016
4991 5112
4992 4997
4993 5005
4994 5003
4995 4997
4996 5078
4997 5014
4998 5046
4999 5004
5000 5041
5001 5066
5002 5007
5003 5081
5004 5006
5005 5030
5006 5037
5007 5012
5008 5010
5009 5258
5010 5012
5011 5075
5012 5021
5013 5018
5014 5025
5015 5040
5016 5018
5017 5026
5018 5075
5019 5044
5020 5034
5021 5026
5022 5024
5023 5117
5024 5043
5025 5027
5026 5071
5027 5029
5028 5058
5029 5043
5030 5108
5031 5226
5032 5049
5033 5116
5034 5068
5035 5037
5036 5064
5037 5047
5038 5060
5039 5062
5040 5042
5041 5046
5042 5056
5043 5107
5044 5113
5045 5077
5046 5143
5047 5056
5048 5077
5049 5054
5050 5052
5051 5100
5052 5127
5053 5119
5054 5056
5055 5064
5056 5139
5057 5066
5058 5060
5059 5068
5060 5065
5061 5109
5062 5156
5063 5077
5064 5104
5065 5067
5066 5108
5067 5096
5068 5180
5069 5071
5070 5103
5071 5137
5072 5077
5073 5075
5074 5144
5075 5077
5076 5144
5077 5079
5078 5087
5079 5120
5080 5085
5081 5158
5082 5104
5083 5088
5084 5124
5085 5090
5086 5135
5087 5177
5088 5097
5089 5091
5090 5099
5091 5135
5092 5094
5093 5110
5094 5274
5095 5145
5096 5140
5097 5130
5098 5115
5099 5109
5100 5191
5101 5106
5102 5104
5103 5127
5104 5138
5105 5140
5106 5159
5107 5182
5108 5110
5109 5118
5110 5131
5111 5230
5112 5117
5113 5115
5114 5143
5115 5124
5116 5121
5117 5172
5118 5134
5119 5146
5120 5156
5121 5183
5122 5144
5123 5176
5124 5229
5125 5127
5126 5135
5127 5147
5128 5130
5129 5134
5130 5199
5131 5280
5132 5134
5133 5146
5134 5196
5135 5137
5136 5158
5137 5198
5138 5143
5139 5141
5140 5198
5141 5155
5142 5175
5143 5155
5144 5158
5145 5182
5146 5166
5147 5152
5148 5157
5149 5151
5150 5227
5151 5162
5152 5161
5153 5242
5154 5254
5155 5220
5156 5165
5157 5162
5158 5307
5159 5161
5160 5181
5161 5216
5162 5167
5163 5247
5164 5196
5165 5193
5166 5171
5167 5197
5168 5222
5169 5174
5170 5200
5171 5200
5172 5177
5173 5253
5174 5185
5175 5212
5176 5266
5177 5245
5178 5180
5179 5299
5180 5191
5181 5214
5182 5212
5183 5229
5184 5189
5185 5194
5186 5188
5187 5308
5188 5197
5189 5194
5190 5192
5191 5205
5192 5299
5193 5312
5194 5199
5195 5291
5196 5232
5197 5315
5198 5258
5199 5280
5200 5234
5201 5272
5202 5212
5203 5208
5204 5239
5205 5346
5206 5229
5207 5223
5208 5227
5209 5266
5210 5270
5211 5221
5212 5300
5213 5215
5214 5274
5215 5257
5216 5253
5217 5269
5218 5228
5219 5270
5220 5222
5221 5278
5222 5227
5223 5239
5224 5359
5225 5257
5226 5231
5227 5269
5228 5230
5229 5290
5230 5370
5231 5300
5232 5234
5233 5238
5234 5304
5235 5244
5236 5264
5237 5320
5238 5243
5239 5241
5240 5245
5241 5295
5242 5307
5243 5260
5244 5246
5245 5311
5246 5258
5247 5337
5248 5253
5249 5305
5250 5307
5251 5274
5252 5254
5253 5258
5254 5256
5255 5297
5256 5375
5257 5333
5258 5290
5259 5268
5260 5262
5261 5270
5262 5267
5263 5277
5264 5266
5265 5282
5266 5293
5267 5305
5268 5277
5269 5271
5270 5279
5271 5310
5272 5290
5273 5282
5274 5279
5275 5376
5276 5302
5277 5319
5278 5306
5279 5284
5280 5326
5281 5290
5282 5297
5283 5293
5284 5348
5285 5294
5286 5340
5287 5311
5288 5353
5289 5306
5290 5295
5291 5306
5292 5377
5293 5302
5294 5296
5295 5376
5296 5395
5297 5299
5298 5349
5299 5332
5300 5311
5301 5391
5302 5326
5303 5305
5304 5324
5305 5377
5306 5318
5307 5324
5308 5310
5309 5365
5310 5319
5311 5328
5312 5327
5313 5412
5314 5372
5315 5357
5316 5436
5317 5319
5318 5323
5319 5404
5320 5415
5321 5346
5322 5331
5323 5411
5324 5333
5325 5362
5326 5328
5327 5353
5328 5424
5329 5396
5330 5351
5331 5386
5332 5343
5333 5361
5334 5362
5335 5340
5336 5338
5337 5352
5338 5364
5339 5429
5340 5376
5341 5386
5342 5347
5343 5352
5344 5359
5345 5444
5346 5348
5347 5364
5348 5418
5349 5389
5350 5511
5351 5353
5352 5362
5353 5389
5354 5368
5355 5360
5356 5528
5357 5488
5358 5363
5359 5521
5360 5393
5361 5378
5362 5375
5363 5403
5364 5438
5365 5367
5366 5385
5367 5383
5368 5377
5369 5374
5370 5389
5371 5376
5372 5486
5373 5430
5374 5379
5375 5392
5376 5459
5377 5394
5378 5447
5379 5394
5380 5434
5381 5383
5382 5399
5383 5394
5384 5409
5385 5418
5386 5423
5387 5413
5388 5472
5389 5447
5390 5401
5391 5396
5392 5460
5393 5470
5394 5396
5395 5445
5396 5401
5397 5406
5398 5467
5399 5401
5400 5502
5401 5456
5402 5467
5403 5412
5404 5457
5405 5410
5406 5416
5407 5428
5408 5489
5409 5414
5410 5437
5411 5532
5412 5417
5413 5483
5414 5445
5415 5458
5416 5418
5417 5422
5418 5438
5419 5482
5420 5425
5421 5444
5422 5464
5423 5425
5424 5454
5425 5460
5426 5428
5427 5468
5428 5452
5429 5434
5430 5545
5431 5433
5432 5472
5433 5503
5434 5436
5435 5453
5436 5438
5437 5547
5438 5487
5439 5503
5440 5445
5441 5513
5442 5498
5443 5503
5444 5449
5445 5566
5446 5455
5447 5452
5448 5470
5449 5497
5450 5455
5451 5481
5452 5584
5453 5583
5454 5459
5455 5551
5456 5553
5457 5459
5458 5506
5459 5541
5460 5462
5461 5466
5462 5485
5463 5465
5464 5473
5465 5481
5466 5476
5467 5472
5468 5477
5469 5499
5470 5475
5471 5587
5472 5515
5473 5482
5474 5539
5475 5477
5476 5507
5477 5622
5478 5516
5479 5484
5480 5491
5481 5499
5482 5569
5483 5492
5484 5534
5485 5530
5486 5500
5487 5492
5488 5569
5489 5498
5490 5495
5491 5501
5492 5494
5493 5539
5494 5504
5495 5500
5496 5561
5497 5539
5498 5565
5499 5580
5500 5512
5501 5516
5502 5531
5503 5505
5504 5612
5505 5531
5506 5562
5507 5604
5508 5522
5509 5537
5510 5579
5511 5559
5512 5532
5513 5577
5514 5552
5515 5520
5516 5550
5517 5550
5518 5637
5519 5706
5520 5607
5521 5535
5522 5547
5523 5580
5524 5561
5525 5546
5526 5531
5527 5542
5528 5580
5529 5565
5530 5539
5531 5536
5532 5543
5533 5636
5534 5536
5535 5554
5536 5541
5537 5546
5538 5540
5539 5585
5540 5550
5541 5550
5542 5612
5543 5638
5544 5549
5545 5547
5546 5551
5547 5577
5548 5553
5549 5597
5550 5552
5551 5560
5552 5598
5553 5558
5554 5622
5555 5560
5556 5558
5557 5628
5558 5611
5559 5609
5560 5569
5561 5563
5562 5627
5563 5621
5564 5579
5565 5575
5566 5729
5567 5572
5568 5582
5569 5578
5570 5709
5571 5609
5572 5583
5573 5582
5574 5594
5575 5640
5576 5698
5577 5582
5578 5656
5579 5638
5580 5602
5581 5586
5582 5683
5583 5631
5584 5586
5585 5691
5586 5606
5587 5641
5588 5619
5589 5601
5590 5595
5591 5663
5592 5624
5593 5623
5594 5696
5595 5597
5596 5605
5597 5602
5598 5636
5599 5608
5600 5686
5601 5610
5602 5616
5603 5664
5604 5666
5605 5670
5606 5630
5607 5773
5608 5617
5609 5621
5610 5615
5611 5613
5612 5629
5613 5649
5614 5646
5615 5633
5616 5762
5617 5674
5618 5667
5619 5621
5620 5625
5621 5623
5622 5627
5623 5637
5624 5718
5625 5657
5626 5691
5627 5667
5628 5763
5629 5631
5630 5666
5631 5668
5632 5726
5633 5707
5634 5662
5635 5695
5636 5662
5637 5662
5638 5806
5639 5657
5640 5684
5641 5654
5642 5663
5643 5645
5644 5662
5645 5647
5646 5661
5647 5694
5648 5650
5649 5654
5650 5697
5651 5667
5652 5716
5653 5664
5654 5696
5655 5664
5656 5661
5657 5708
5658 5843
5659 5720
5660 5681
5661 5670
5662 5685
5663 5673
5664 5669
5665 5667
5666 5671
5667 5676
5668 5689
5669 5683
5670 5681
5671 5734
5672 5745
5673 5688
5674 5679
5675 5677
5676 5762
5677 5686
5678 5683
5679 5681
5680 5722
5681 5780
5682 5789
5683 5703
5684 5700
5685 5694
5686 5843
5687 5689
5688 5724
5689 5777
5690 5703
5691 5702
5692 5701
5693 5695
5694 5721
5695 5716
5696 5718
5697 5761
5698 5799
5699 5704
5700 5718
5701 5758
5702 5730
5703 5705
5704 5803
5705 5707
5706 5724
5707 5785
5708 5713
5709 5711
5710 5861
5711 5736
5712 5837
5713 5815
5714 5764
5715 5729
5716 5728
5717 5764
5718 5732
5719 5755
5720 5768
5721 5730
5722 5732
5723 5756
5724 5780
5725 5766
5726 5731
5727 5729
5728 5745
5729 5754
5730 5732
5731 5742
5732 5756
5733 5753
5734 5739
5735 5737
5736 5756
5737 5871
5738 5803
5739 5752
5740 5742
5741 5768
5742 5790
5743 5748
5744 5857
5745 5750
5746 5774
5747 5768
5748 5759
5749 5802
5750 5767
5751 5753
5752 5830
5753 5762
5754 5814
5755 5848
5756 5767
5757 5767
5758 5763
5759 5861
5760 5762
5761 5766
5762 5776
5763 5772
5764 5825
5765 5823
5766 5829
5767 5841
5768 5770
5769 5774
5770 5795
5771 5773
5772 5789
5773 5775
5774 5786
5775 5821
5776 5794
5777 5789
5778 5788
5779 5873
5780 5790
5781 5786
5782 5791
5783 5935
5784 5789
5785 5795
5786 5841
5787 5855
5788 5793
5789 5814
5790 5812
5791 5813
5792 5816
5793 5863
5794 5816
5795 5800
5796 5805
5797 5855
5798 5817
5799 5808
5800 5867
5801 5803
5802 5831
5803 5847
5804 5806
5805 5893
5806 5827
5807 5829
5808 5861
5809 5811
5810 5833
5811 5816
5812 5858
5813 5932
5814 5816
5815 5849
5816 5818
5817 5883
5818 5851
5819 5875
5820 5829
5821 5841
5822 5897
5823 5864
5824 5943
5825 5851
5826 5946
5827 5837
5828 5849
5829 5959
5830 5832
5831 5938
5832 5834
5833 5861
5834 5902
5835 5845
5836 5898
5837 5965
5838 5843
5839 5870
5840 5845
5841 5872
5842 5916
5843 5868
5844 5865
5845 5874
5846 5851
5847 5856
5848 5903
5849 5854
5850 5862
5851 5882
5852 5930
5853 5871
5854 5863
5855 5860
5856 5858
5857 5881
5858 5867
5859 5931
5860 5909
5861 5875
5862 5875
5863 5884
5864 5916
5865 5927
5866 5868
5867 5921
5868 5881
5869 5927
5870 5875
5871 5996
5872 5877
5873 5936
5874 5942
5875 5906
5876 5881
5877 5955
5878 5887
5879 5893
5880 5885
5881 5898
5882 5893
5883 5993
5884 5922
5885 5887
5886 5951
5887 5958
5888 5893
5889 5891
5890 5925
5891 5893
5892 5970
5893 5898
5894 5903
5895 5910
5896 5901
5897 5912
5898 5921
5899 5901
5900 5909
5901 5941
5902 5970
5903 6159
5904 5909
5905 5925
5906 5940
5907 6027
5908 5913
5909 5911
5910 5927
5911 5951
5912 5914
5913 5937
5914 5930
5915 5924
5916 5943
5917 5955
5918 5920
5919 5979
5920 5922
5921 5996
5922 5927
5923 6055
5924 6075
5925 5935
5926 5963
5927 6002
5928 5946
5929 5943
5930 5983
5931 5933
5932 5979
5933 5980
5934 6094
5935 5940
5936 5979
5937 5951
5938 5952
5939 5967
5940 5973
5941 5989
5942 5953
5943 5989
5944 5985
5945 5970
5946 5963
5947 6005
5948 5950
5949 6153
5950 6222
5951 5965
5952 5957
5953 5965
5954 5956
5955 5960
5956 5970
5957 5995
5958 5971
5959 6038
5960 5965
5961 6011
5962 6000
5963 5974
5964 5995
5965 5967
5966 5983
5967 5969
5968 5993
5969 6055
5970 5972
5971 6006
5972 5981
5973 5991
5974 5985
5975 6001
5976 6028
5977 5989
5978 5995
5979 5984
5980 6022
5981 5997
5982 6030
5983 6012
5984 6034
5985 6014
5986 6033
5987 5989
5988 6005
5989 5991
5990 6026
5991 6009
5992 5997
5993 6114
5994 6014
5995 6010
5996 6269
5997 6011
5998 6018
5999 6009
6000 6002
6001 6023
6002 6018
6003 6031
6004 6015
6005 6014
6006 6059
6007 6030
6008 6010
6009 6089
6010 6012
6011 6016
6012 6024
6013 6068
6014 6019
6015 6017
6016 6080
6017 6075
6018 6023
6019 6112
6020 6058
6021 6026
6022 6032
6023 6077
6024 6133
6025 6034
6026 6031
6027 6062
6028 6030
6029 6080
6030 6048
6031 6036
6032 6041
6033 6035
6034 6109
6035 6044
6036 6095
6037 6118
6038 6047
6039 6074
6040 6045
6041 6082
6042 6091
6043 6063
6044 6108
6045 6054
6046 6088
6047 6149
6048 6151
6049 6112
6050 6111
6051 6240
6052 6074
6053 6145
6054 6099
6055 6099
6056 6081
6057 6187
6058 6096
6059 6064
6060 6133
6061 6111
6062 6067
6063 6170
6064 6091
6065 6074
6066 6068
6067 6088
6068 6070
6069 6074
6070 6151
6071 6114
6072 6082
6073 6119
6074 6106
6075 6088
6076 6078
6077 6209
6078 6096
6079 6089
6080 6227
6081 6111
6082 6084
6083 6106
6084 6130
6085 6090
6086 6159
6087 6156
6088 6097
6089 6118
6090 6114
6091 6152
6092 6147
6093 6147
6094 6172
6095 6133
6096 6177
6097 6106
6098 6126
6099 6298
6100 6105
6101 6148
6102 6142
6103 6119
6104 6127
6105 6342
6106 6130
6107 6116
6108 6113
6109 6119
6110 6122
6111 6129
6112 6121
6113 6132
6114 6116
6115 6160
6116 6118
6117 6172
6118 6135
6119 6197
6120 6179
6121 6144
6122 6133
6123 6128
6124 6187
6125 6130
6126 6128
6127 6160
6128 6137
6129 6183
6130 6209
6131 6162
6132 6294
6133 6151
6134 6207
6135 6137
6136 6153
6137 6139
6138 6163
6139 6144
6140 6142
6141 6146
6142 6171
6143 6184
6144 6175
6145 6170
6146 6299
6147 6169
6148 6222
6149 6154
6150 6189
6151 6174
6152 6161
6153 6381
6154 6235
6155 6214
6156 6176
6157 6207
6158 6186
6159 6161
6160 6202
6161 6354
6162 6202
6163 6177
6164 6241
6165 6180
6166 6319
6167 6216
6168 6177
6169 6286
6170 6172
6171 6200
6172 6177
6173 6210
6174 6194
6175 6232
6176 6178
6177 6232
6178 6187
6179 6193
6180 6299
6181 6246
6182 6191
6183 6185
6184 6208
6185 6190
6186 6199
6187 6234
6188 6193
6189 6278
6190 6251
6191 6196
6192 6216
6193 6202
6194 6196
6195 6289
6196 6292
6197 6207
6198 6203
6199 6235
6200 6205
6201 6212
6202 6224
6203 6217
6204 6213
6205 6264
6206 6235
6207 6229
6208 6217
6209 6267
6210 6243
6211 6222
6212 6225
6213 6285
6214 6232
6215 6378
6216 6344
6217 6227
6218 6298
6219 6231
6220 6288
6221 6240
6222 6247
6223 6373
6224 6285
6225 6238
6226 6310
6227 6258
6228 6239
6229 6264
6230 6232
6231 6240
6232 6237
6233 6269
6234 6261
6235 6244
6236 6310
6237 6251
6238 6249
6239 6244
6240 6325
6241 6263
6242 6301
6243 6359
6244 6266
6245 6247
6246 6255
6247 6252
6248 6250
6249 6329
6250 6327
6251 6253
6252 6277
6253 6266
6254 6264
6255 6264
6256 6296
6257 6423
6258 6396
6259 6261
6260 6265
6261 6277
6262 6306
6263 6268
6264 6365
6265 6270
6266 6397
6267 6339
6268 6333
6269 6279
6270 6470
6271 6285
6272 6319
6273 6278
6274 6294
6275 6302
6276 6281
6277 6287
6278 6386
6279 6294
6280 6299
6281 6342
6282 6324
6283 6300
6284 6306
6285 6308
6286 6344
6287 6308
6288 6298
6289 6298
6290 6334
6291 6301
6292 6440
6293 6298
6294 6338
6295 6373
6296 6341
6297 6329
6298 6347
6299 6334
6300 6336
6301 6360
6302 6319
6303 6407
6304 6319
6305 6387
6306 6371
6307 6330
6308 6313
6309 6441
6310 6327
6311 6360
6312 6322
6313 6315
6314 6333
6315 6459
6316 6318
6317 6350
6318 6320
6319 6324
6320 6322
6321 6495
6322 6324
6323 6404
6324 6342
6325 6348
6326 6336
6327 6405
6328 6358
6329 6392
6330 6359
6331 6336
6332 6441
6333 6483
6334 6419
6335 6337
6336 6365
6337 6465
6338 6347
6339 6459
6340 6345
6341 6416
6342 6370
6343 6345
6344 6349
6345 6379
6346 6355
6347 6386
6348 6359
6349 6366
6350 6359
6351 6396
6352 6437
6353 6355
6354 6363
6355 6418
6356 6373
6357 6359
6358 6469
6359 6364
6360 6446
6361 6366
6362 6372
6363 6392
6364 6410
6365 6375
6366 6422
6367 6407
6368 6381
6369 6383
6370 6431
6371 6441
6372 6392
6373 6375
6374 6395
6375 6377
6376 6385
6377 6382
6378 6389
6379 6427
6380 6430
6381 6383
6382 6411
6383 6399
6384 6389
6385 6447
6386 6388
6387 6396
6388 6399
6389 6399
6390 6409
6391 6405
6392 6435
6393 6405
6394 6459
6395 6429
6396 6415
6397 6464
6398 6436
6399 6404
6400 6409
6401 6435
6402 6457
6403 6405
6404 6441
6405 6410
6406 6420
6407 6604
6408 6417
6409 6437
6410 6470
6411 6467
6412 6523
6413 6540
6414 6438
6415 6426
6416 6425
6417 6472
6418 6423
6419 6486
6420 6425
6421 6499
6422 6443
6423 6485
6424 6494
6425 6507
6426 6428
6427 6432
6428 6475
6429 6467
6430 6432
6431 6539
6432 6473
6433 6448
6434 6443
6435 6610
6436 6455
6437 6442
6438 6558
6439 6441
6440 6511
6441 6483
6442 6457
6443 6664
6444 6458
6445 6507
6446 6451
6447 6540
6448 6457
6449 6476
6450 6452
6451 6547
6452 6475
6453 6471
6454 6550
6455 6695
6456 6483
6457 6484
6458 6460
6459 6484
6460 6479
6461 6481
6462 6467
6463 6481
6464 6473
6465 6475
6466 6590
6467 6469
6468 6473
6469 6492
6470 6514
6471 6533
6472 6520
6473 6597
6474 6531
6475 6600
6476 6478
6477 6513
6478 6559
6479 6489
6480 6632
6481 6486
6482 6543
6483 6499
6484 6486
6485 6508
6486 6503
6487 6574
6488 6490
6489 6498
6490 6515
6491 6564
6492 6567
6493 6624
6494 6505
6495 6509
6496 6545
6497 6499
6498 6503
6499 6586
6500 6536
6501 6522
6502 6591
6503 6520
6504 6506
6505 6522
6506 6527
6507 6512
6508 6517
6509 6544
6510 6522
6511 6559
6512 6517
6513 6515
6514 6524
6515 6520
6516 6586
6517 6590
6518 6604
6519 6586
6520 6539
6521 6523
6522 6585
6523 6558
6524 6559
6525 6620
6526 6531
6527 6669
6528 6533
6529 6618
6530 6549
6531 6591
6532 6561
6533 6574
6534 6545
6535 6540
6536 6575
6537 6562
6538 6540
6539 6680
6540 6603
6541 6621
6542 6544
6543 6579
6544 6546
6545 6550
6546 6561
6547 6556
6548 6570
6549 6620
6550 6552
6551 6560
6552 6600
6553 6573
6554 6568
6555 6656
6556 6561
6557 6592
6558 6563
6559 6569
6560 6626
6561 6583
6562 6623
6563 6565
6564 6573
6565 6580
6566 6571
6567 6569
6568 6585
6569 6571
6570 6662
6571 6626
6572 6627
6573 6629
6574 6611
6575 6580
6576 6596
6577 6579
6578 6583
6579 6593
6580 6626
6581 6655
6582 6656
6583 6651
6584 6595
6585 6587
6586 6680
6587 6619
6588 6614
6589 6643
6590 6592
6591 6613
6592 6802
6593 6607
6594 6599
6595 6648
6596 6695
6597 6602
6598 6624
6599 6608
6600 6666
6601 6606
6602 6604
6603 6701
6604 6680
6605 6672
6606 6611
6607 6616
6608 6634
6609 6760
6610 6703
6611 6759
6612 6746
6613 6662
6614 6742
6615 6626
6616 6621
6617 6649
6618 6620
6619 6648
6620 6625
6621 6640
6622 6724
6623 6642
6624 6726
6625 6675
6626 6640
6627 6646
6628 6633
6629 6686
6630 6651
6631 6665
6632 6705
6633 6659
6634 6639
6635 6650
6636 6674
6637 6693
6638 6640
6639 6700
6640 6653
6641 6657
6642 6701
6643 6668
6644 6707
6645 6664
6646 6824
6647 6676
6648 6653
6649 6685
6650 6693
6651 6685
6652 6663
6653 6677
6654 6656
6655 6748
6656 6764
6657 6670
6658 6696
6659 6722
6660 6729
6661 6679
6662 6664
6663 6683
6664 6691
6665 6686
6666 6719
6667 6811
6668 6673
6669 6686
6670 6694
6671 6676
6672 6674
6673 6695
6674 6782
6675 6680
6676 6739
6677 6756
6678 6724
6679 6707
6680 6689
6681 6699
6682 6687
6683 6759
6684 6693
6685 6806
6686 6730
6687 6706
6688 6706
6689 6691
6690 6731
6691 6696
6692 6773
6693 6718
6694 6709
6695 6697
6696 6742
6697 6699
6698 6703
6699 6701
6700 6729
6701 6752
6702 6777
6703 6749
6704 6706
6705 6753
6706 6782
6707 6803
6708 6713
6709 6718
6710 6813
6711 6803
6712 6732
6713 6730
6714 6716
6715 6732
6716 6765
6717 6719
6718 6723
6719 6749
6720 6738
6721 6800
6722 6727
6723 6740
6724 6729
6725 6734
6726 6749
6727 6862
6728 6742
6729 6738
6730 6751
6731 6770
6732 6748
6733 6752
6734 6736
6735 6756
6736 6814
6737 6762
6738 6763
6739 6765
6740 6857
6741 6859
6742 6852
6743 6778
6744 6822
6745 6784
6746 6760
6747 6772
6748 6758
6749 6751
6750 6755
6751 6780
6752 6762
6753 6775
6754 6809
6755 6764
6756 6803
6757 6774
6758 6828
6759 6783
6760 6805
6761 6832
6762 6782
6763 6790
6764 6861
6765 6770
6766 6768
6767 6786
6768 6773
6769 6797
6770 6775
6771 6781
6772 6817
6773 6820
6774 6784
6775 6939
6776 6830
6777 6802
6778 6789
6779 6817
6780 6839
6781 6834
6782 6807
6783 6785
6784 6897
6785 6814
6786 6821
6787 6805
6788 6959
6789 6791
6790 6795
6791 6800
6792 6809
6793 6826
6794 6894
6795 6898
6796 6798
6797 6968
6798 6849
6799 6863
6800 6919
6801 6863
6802 6821
6803 6951
6804 6834
6805 6810
6806 6808
6807 6903
6808 6813
6809 6826
6810 6819
6811 6813
6812 6830
6813 6837
6814 6870
6815 6835
6816 6835
6817 6822
6818 6908
6819 6896
6820 6900
6821 6897
6822 6915
6823 6832
6824 6906
6825 6842
6826 6899
6827 6832
6828 6898
6829 6883
6830 6832
6831 6866
6832 6848
6833 6855
6834 6844
6835 6916
6836 6841
6837 6868
6838 6891
6839 6947
6840 6849
6841 6843
6842 6968
6843 6890
6844 6846
6845 6862
6846 6857
6847 6849
6848 6853
6849 6858
6850 6893
6851 6911
6852 6915
6853 6901
6854 6980
6855 6869
6856 6905
6857 6874
6858 6880
6859 6861
6860 6986
6861 6870
6862 6875
6863 6993
6864 6882
6865 6881
6866 6976
6867 6876
6868 6870
6869 6897
6870 6990
6871 6873
6872 6877
6873 6885
6874 6927
6875 6930
6876 6885
6877 6894
6878 6901
6879 6881
6880 6885
6881 7102
6882 6887
6883 6989
6884 6889
6885 7055
6886 6937
6887 6892
6888 6897
6889 6917
6890 6892
6891 6957
6892 6897
6893 6913
6894 6979
6895 6905
6896 6901
6897 6934
6898 6915
6899 6917
6900 6902
6901 6906
6902 6904
6903 7060
6904 7017
6905 7048
6906 7053
6907 7078
6908 6931
6909 6945
6910 6998
6911 6920
6912 6957
6913 7048
6914 6916
6915 7001
6916 6918
6917 6922
6918 6941
6919 7078
6920 6943
6921 6933
6922 6924
6923 6928
6924 6993
6925 6948
6926 6928
6927 7014
6928 6994
6929 6965
6930 7033
6931 6933
6932 6949
6933 7002
6934 7070
6935 6944
6936 6941
6937 6939
6938 6948
6939 6968
6940 7044
6941 6983
6942 6961
6943 6953
6944 6993
6945 7056
6946 6971
6947 6956
6948 6953
6949 6951
6950 6989
6951 6953
6952 6995
6953 6966
6954 6992
6955 6960
6956 6958
6957 6992
6958 6960
6959 6968
6960 7011
6961 6970
6962 6976
6963 6968
6964 7025
6965 7050
6966 7024
6967 6983
6968 7072
6969 6974
6970 6988
6971 6980
6972 7084
6973 7038
6974 6983
6975 6977
6976 7021
6977 7101
6978 6988
6979 6997
6980 7004
6981 7002
6982 6984
6983 7037
6984 6994
6985 6987
6986 7042
6987 6996
6988 7133
6989 7053
6990 7023
6991 7050
6992 6994
6993 7047
6994 7003
6995 7097
6996 7067
6997 6999
6998 7007
6999 7028
