1 2
2 5
3 10
4 16
5 26
6 34
7 46
8 56
9 70
10 89
11 102
12 123
13 141
14 157
15 177
16 203
17 229
18 249
19 277
20 302
21 325
22 357
23 385
24 418
25 457
26 488
27 517
28 550
29 581
30 616
31 674
32 711
33 754
34 790
35 843
36 881
37 927
38 975
39 1019
40 1071
41 1121
42 1165
43 1226
44 1272
45 1322
46 1370
47 1440
48 1512
49 1566
50 1618
51 1674
52 1735
53 1790
54 1863
55 1929
56 1995
57 2061
58 2121
59 2189
60 2254
61 2317
62 2400
63 2491
64 2560
65 2627
66 2698
67 2796
68 2873
69 2961
70 3033
71 3109
72 3190
73 3281
74 3365
75 3452
76 3533
77 3619
78 3714
79 3798
80 3896
81 3994
82 4078
83 4178
84 4264
85 4363
86 4454
87 4550
88 4653
89 4747
90 4839
91 4935
92 5050
93 5159
94 5258
95 5371
96 5472
97 5578
98 5699
99 5800
100 5945
101 6055
102 6179
103 6294
104 6407
105 6514
106 6629
107 6755
108 6877
109 6995
110 7107
111 7227
112 7351
113 7469
114 7585
115 7725
116 7858
117 7977
118 8100
119 8230
120 8359
121 8482
122 8632
123 8760
124 8894
125 9035
126 9181
127 9327
128 9477
129 9620
130 9763
131 9905
132 10042
133 10189
134 10332
135 10472
136 10625
137 10767
138 10936
139 11095
140 11261
141 11404
142 11567
143 11712
144 11861
145 12008
146 12171
147 12356
148 12509
149 12660
150 12815
151 12995
152 13152
153 13307
154 13466
155 13673
156 13834
157 14007
158 14184
159 14357
160 14522
161 14698
162 14872
163 15068
164 15237
165 15412
166 15589
167 15775
168 15952
169 16151
170 16326
171 16506
172 16680
173 16872
174 17048
175 17236
176 17429
177 17608
178 17803
179 17984
180 18175
181 18403
182 18590
183 18775
184 18964
185 19159
186 19354
187 19556
188 19758
189 19957
190 20200
191 20393
192 20609
193 20816
194 21028
195 21233
196 21445
197 21657
198 21880
199 22084
200 22299
201 22509
202 22713
203 22925
204 23162
205 23384
206 23638
207 23847
208 24060
209 24278
210 24490
211 24710
212 24927
213 25142
214 25361
215 25600
216 25818
217 26044
218 26352
219 26587
220 26825
221 27060
222 27324
223 27569
224 27825
225 28055
226 28283
227 28515
228 28752
229 28996
230 29231
231 29464
232 29713
233 29970
234 30221
235 30458
236 30699
237 30938
238 31181
239 31429
240 31696
241 31971
242 32228
243 32504
244 32758
245 33008
246 33263
247 33524
248 33777
249 34046
250 34301
251 34586
252 34843
253 35106
254 35362
255 35622
256 35887
257 36146
258 36413
259 36695
260 37007
261 37279
262 37546
263 37811
264 38140
265 38410
266 38678
267 38964
268 39263
269 39534
270 39823
271 40116
272 40397
273 40683
274 40967
275 41291
276 41579
277 41861
278 42141
279 42443
280 42742
281 43054
282 43357
283 43675
284 44000
285 44294
286 44585
287 44874
288 45167
289 45458
290 45765
291 46085
292 46388
293 46696
294 47040
295 47337
296 47671
297 47970
298 48326
299 48634
300 48948
301 49260
302 49567
303 49872
304 50181
305 50500
306 50815
307 51150
308 51460
309 51790
310 52134
311 52470
312 52791
313 53137
314 53453
315 53773
316 54091
317 54425
318 54766
319 55087
320 55446
321 55769
322 56100
323 56428
324 56754
325 57101
326 57444
327 57818
328 58211
329 58545
330 58896
331 59241
332 59611
333 59946
334 60285
335 60636
336 61017
337 61356
338 61699
339 62062
340 62411
341 62768
342 63115
343 63481
344 63827
345 64226
346 64581
347 64930
348 65287
349 65641
350 66003
351 66389
352 66750
353 67108
354 67464
355 67829
356 68190
357 68556
358 68942
359 69315
360 69694
361 70082
362 70449
363 70822
364 71216
365 71600
366 71976
367 72348
368 72803
369 73215
370 73602
371 74001
372 74378
373 74760
374 75136
375 75520
376 75952
377 76359
378 76739
379 77157
380 77551
381 77937
382 78361
383 78774
384 79177
385 79564
386 79955
387 80359
388 80756
389 81155
390 81550
391 81943
392 82340
393 82742
394 83158
395 83558
396 83956
397 84364
398 84779
399 85180
400 85597
401 86024
402 86431
403 86868
404 87304
405 87732
406 88140
407 88556
408 88969
409 89380
410 89838
411 90281
412 90698
413 91124
414 91552
415 91976
416 92397
417 92866
418 93308
419 93746
420 94178
421 94608
422 95053
423 95507
424 95959
425 96416
426 96847
427 97285
428 97722
429 98153
430 98660
431 99093
432 99549
433 100002
434 100441
435 100904
436 101345
437 101801
438 102271
439 102719
440 103193
441 103639
442 104090
443 104586
444 105048
445 105495
446 105992
447 106523
448 106976
449 107427
450 107904
451 108364
452 108821
453 109309
454 109772
455 110243
456 110704
457 111177
458 111701
459 112162
460 112627
461 113090
462 113576
463 114116
464 114582
465 115056
466 115532
467 116016
468 116489
469 116967
470 117439
471 117945
472 118422
473 118920
474 119396
475 119888
476 120366
477 120884
478 121364
479 121896
480 122386
481 122925
482 123442
483 123939
484 124428
485 124915
486 125406
487 125895
488 126444
489 126950
490 127470
491 127970
492 128482
493 128977
494 129476
495 129980
496 130478
497 130984
498 131513
499 132014
500 132546
501 133064
502 133568
503 134100
504 134645
505 135165
506 135676
507 136193
508 136719
509 137237
510 137758
511 138310
512 138848
513 139363
514 139882
515 140432
516 140957
517 141479
518 142013
519 142560
520 143108
521 143639
522 144179
523 144756
524 145302
525 145829
526 146372
527 146933
528 147466
529 148011
530 148586
531 149119
532 149679
533 150244
534 150783
535 151320
536 151877
537 152452
538 152995
539 153552
540 154140
541 154686
542 155238
543 155783
544 156332
545 156886
546 157434
547 158010
548 158563
549 159176
550 159790
551 160365
552 160919
553 161477
554 162045
555 162609
556 163167
557 163733
558 164351
559 164912
560 165481
561 166085
562 166656
563 167255
564 167821
565 168399
566 168988
567 169592
568 170162
569 170736
570 171315
571 171923
572 172500
573 173075
574 173699
575 174368
576 174961
577 175549
578 176129
579 176734
580 177316
581 177918
582 178502
583 179110
584 179703
585 180290
586 180896
587 181485
588 182092
589 182690
590 183294
591 183978
592 184602
593 185197
594 185818
595 186431
596 187037
597 187656
598 188305
599 188919
600 189553
601 190177
602 190781
603 191439
604 192052
605 192662
606 193292
607 193909
608 194564
609 195175
610 195818
611 196456
612 197080
613 197698
614 198314
615 198934
616 199608
617 200227
618 200884
619 201512
620 202175
621 202812
622 203443
623 204086
624 204756
625 205421
626 206049
627 206681
628 207318
629 207949
630 208588
631 209242
632 209894
633 210536
634 211209
635 211877
636 212562
637 213201
638 213855
639 214499
640 215185
641 215856
642 216555
643 217203
644 217849
645 218499
646 219154
647 219803
648 220477
649 221131
650 221823
651 222576
652 223252
653 223916
654 224596
655 225308
656 225974
657 226651
658 227333
659 227994
660 228659
661 229331
662 230007
663 230679
664 231362
665 232029
666 232700
667 233398
668 234076
669 234759
670 235434
671 236114
672 236788
673 237484
674 238160
675 238877
676 239591
677 240292
678 241027
679 241711
680 242403
681 243107
682 243791
683 244483
684 245181
685 245876
686 246654
687 247355
688 248071
689 248765
690 249477
691 250201
692 250913
693 251639
694 252377
695 253077
696 253775
697 254477
698 255243
699 255975
700 256684
701 257387
702 258138
703 258851
704 259564
705 260312
706 261053
707 261790
708 262503
709 263310
710 264030
711 264754
712 265475
713 266203
714 266927
715 267647
716 268365
717 269119
718 269846
719 270570
720 271292
721 272025
722 272811
723 273546
724 274272
725 275002
726 275771
727 276500
728 277233
729 277992
730 278724
731 279464
732 280201
733 281005
734 281764
735 282513
736 283254
737 284005
738 284768
739 285613
740 286398
741 287141
742 287892
743 288640
744 289386
745 290136
746 290884
747 291648
748 292437
749 293197
750 293952
751 294726
752 295497
753 296266
754 297076
755 297836
756 298594
757 299361
758 300222
759 300986
760 301760
761 302539
762 303311
763 304092
764 304871
765 305645
766 306440
767 307212
768 307989
769 308760
770 309539
771 310315
772 311098
773 311873
774 312664
775 313441
776 314273
777 315063
778 315910
779 316694
780 317499
781 318314
782 319200
783 320000
784 320840
785 321630
786 322458
787 323267
788 324065
789 324859
790 325664
791 326499
792 327303
793 328119
794 328930
795 329727
796 330540
797 331379
798 332197
799 333014
800 333816
801 334638
802 335455
803 336305
804 337134
805 338009
806 338817
807 339629
808 340451
809 341269
810 342084
811 342912
812 343784
813 344617
814 345442
815 346266
816 347084
817 347910
818 348761
819 349606
820 350428
821 351266
822 352111
823 352960
824 353793
825 354634
826 355473
827 356319
828 357156
829 357987
830 358826
831 359672
832 360514
833 361366
834 362214
835 363122
836 363967
837 364883
838 365723
839 366609
840 367454
841 368310
842 369171
843 370124
844 370998
845 371897
846 372748
847 373597
848 374481
849 375339
850 376191
851 377051
852 377908
853 378807
854 379675
855 380559
856 381461
857 382372
858 383239
859 384100
860 384995
861 385867
862 386755
863 387620
864 388509
865 389376
866 390256
867 391140
868 392048
869 392922
870 393864
871 394737
872 395656
873 396531
874 397423
875 398300
876 399196
877 400120
878 401003
879 401884
880 402769
881 403664
882 404587
883 405484
884 406377
885 407264
886 408174
887 409140
888 410057
889 410951
890 411858
891 412831
892 413725
893 414638
894 415534
895 416438
896 417339
897 418250
898 419158
899 420077
900 420986
901 421892
902 422838
903 423750
904 424668
905 425623
906 426534
907 427468
908 428412
909 429339
910 430345
911 431265
912 432202
913 433128
914 434044
915 435010
916 435949
917 436933
918 437880
919 438809
920 439764
921 440690
922 441614
923 442547
924 443495
925 444434
926 445372
927 446304
928 447243
929 448257
930 449226
931 450190
932 451124
933 452097
934 453051
935 453988
936 454964
937 455903
938 456899
939 457937
940 458922
941 459872
942 460859
943 461847
944 462807
945 463754
946 464744
947 465696
948 466654
949 467605
950 468585
951 469552
952 470523
953 471503
954 472466
955 473438
956 474399
957 475370
958 476330
959 477306
960 478268
961 479266
962 480233
963 481207
964 482180
965 483147
966 484152
967 485124
968 486128
969 487143
970 488118
971 489098
972 490142
973 491120
974 492108
975 493092
976 494073
977 495075
978 496058
979 497066
980 498056
981 499042
982 500081
983 501105
984 502094
985 503081
986 504153
987 505145
988 506214
989 507213
990 508212
991 509237
992 510264
993 511289
994 512296
995 513296
996 514294
997 515296
998 516342
999 517351
1000 518383
1001 519418
1002 520430
1003 521438
1004 522469
1005 523476
1006 524525
1007 525638
1008 526693
1009 527704
1010 528723
1011 529806
1012 530867
1013 531890
1014 532922
1015 533968
1016 535007
1017 536026
1018 537049
1019 538082
1020 539120
1021 540151
1022 541188
1023 542291
1024 543364
1025 544398
1026 545429
1027 546474
1028 547528
1029 548613
1030 549670
1031 550703
1032 551756
1033 552791
1034 553830
1035 554875
1036 555981
1037 557028
1038 558071
1039 559139
1040 560184
1041 561227
1042 562274
1043 563358
1044 564411
1045 565492
1046 566601
1047 567682
1048 568739
1049 569803
1050 570893
1051 571946
1052 573090
1053 574148
1054 575211
1055 576268
1056 577352
1057 578414
1058 579518
1059 580586
1060 581757
1061 582868
1062 583944
1063 585016
1064 586102
1065 587169
1066 588240
1067 589378
1068 590467
1069 591555
1070 592665
1071 593738
1072 594827
1073 595953
1074 597032
1075 598109
1076 599239
1077 600325
1078 601447
1079 602535
1080 603631
1081 604717
1082 605818
1083 606906
1084 607999
1085 609098
1086 610201
1087 611303
1088 612414
1089 613512
1090 614607
1091 615708
1092 616812
1093 617923
1094 619075
1095 620175
1096 621330
1097 622432
1098 623557
1099 624658
1100 625775
1101 626887
1102 627991
1103 629119
1104 630260
1105 631367
1106 632478
1107 633649
1108 634770
1109 635968
1110 637106
1111 638222
1112 639348
1113 640483
1114 641625
1115 642749
1116 643867
1117 645076
1118 646196
1119 647324
1120 648449
1121 649572
1122 650746
1123 651892
1124 653018
1125 654172
1126 655316
1127 656459
1128 657683
1129 658839
1130 659979
1131 661147
1132 662294
1133 663432
1134 664604
1135 665748
1136 666889
1137 668081
1138 669248
1139 670396
1140 671568
1141 672714
1142 673865
1143 675046
1144 676205
1145 677373
1146 678521
1147 679703
1148 680933
1149 682087
1150 683239
1151 684416
1152 685630
1153 686813
1154 687972
1155 689157
1156 690318
1157 691477
1158 692647
1159 693863
1160 695033
1161 696250
1162 697421
1163 698594
1164 699802
1165 700976
1166 702144
1167 703329
1168 704499
1169 705673
1170 706845
1171 708061
1172 709235
1173 710413
1174 711600
1175 712784
1176 713998
1177 715186
1178 716401
1179 717604
1180 718829
1181 720019
1182 721215
1183 722403
1184 723709
1185 724949
1186 726159
1187 727369
1188 728562
1189 729760
1190 730952
1191 732177
1192 733380
1193 734597
1194 735828
1195 737025
1196 738243
1197 739455
1198 740727
1199 741928
1200 743174
1201 744385
1202 745592
1203 746804
1204 748056
1205 749263
1206 750497
1207 751713
1208 752926
1209 754188
1210 755415
1211 756635
1212 757878
1213 759096
1214 760319
1215 761568
1216 762807
1217 764026
1218 765282
1219 766532
1220 767757
1221 769012
1222 770243
1223 771514
1224 772747
1225 773974
1226 775221
1227 776477
1228 777752
1229 778993
1230 780350
1231 781583
1232 782910
1233 784145
1234 785448
1235 786699
1236 787937
1237 789191
1238 790454
1239 791695
1240 792950
1241 794196
1242 795453
1243 796774
1244 798027
1245 799274
1246 800554
1247 801817
1248 803070
1249 804328
1250 805592
1251 806848
1252 808145
1253 809467
1254 810748
1255 812062
1256 813323
1257 814598
1258 815865
1259 817145
1260 818410
1261 819673
1262 820979
1263 822273
1264 823539
1265 824825
1266 826108
1267 827397
1268 828667
1269 829941
1270 831221
1271 832537
1272 833844
1273 835183
1274 836484
1275 837846
1276 839124
1277 840406
1278 841743
1279 843027
1280 844309
1281 845595
1282 846915
1283 848228
1284 849537
1285 850824
1286 852137
1287 853474
1288 854764
1289 856164
1290 857481
1291 858857
1292 860163
1293 861461
1294 862770
1295 864098
1296 865422
1297 866724
1298 868038
1299 869370
1300 870679
1301 871990
1302 873297
1303 874666
1304 875975
1305 877324
1306 878632
1307 879977
1308 881298
1309 882612
1310 883931
1311 885277
1312 886643
1313 887975
1314 889313
1315 890655
1316 892094
1317 893420
1318 894764
1319 896097
1320 897426
1321 898749
1322 900080
1323 901471
1324 902804
1325 904131
1326 905483
1327 906822
1328 908239
1329 909570
1330 910924
1331 912280
1332 913669
1333 915011
1334 916377
1335 917728
1336 919085
1337 920536
1338 921937
1339 923304
1340 924646
1341 926006
1342 927350
1343 928716
1344 930065
1345 931422
1346 932826
1347 934178
1348 935528
1349 936906
1350 938310
1351 939682
1352 941036
1353 942408
1354 943764
1355 945124
1356 946550
1357 947947
1358 949397
1359 950761
1360 952135
1361 953505
1362 954872
1363 956275
1364 957648
1365 959033
1366 960428
1367 961847
1368 963224
1369 964598
1370 965996
1371 967413
1372 968787
1373 970208
1374 971639
1375 973045
1376 974430
1377 975832
1378 977259
1379 978665
1380 980058
1381 981444
1382 982908
1383 984296
1384 985710
1385 987104
1386 988492
1387 989888
1388 991286
1389 992722
1390 994135
1391 995595
1392 996989
1393 998476
1394 999892
1395 1001312
1396 1002713
1397 1004163
1398 1005566
1399 1007007
1400 1008505
1401 1009990
1402 1011397
1403 1012817
1404 1014239
1405 1015646
1406 1017089
1407 1018498
1408 1019940
1409 1021385
1410 1022910
1411 1024323
1412 1025740
1413 1027162
1414 1028611
1415 1030037
1416 1031463
1417 1032906
1418 1034333
1419 1035757
1420 1037179
1421 1038610
1422 1040106
1423 1041534
1424 1043030
1425 1044474
1426 1045927
1427 1047363
1428 1048831
1429 1050265
1430 1051723
1431 1053163
1432 1054597
1433 1056057
1434 1057502
1435 1058954
1436 1060392
1437 1061846
1438 1063299
1439 1064799
1440 1066244
1441 1067778
1442 1069225
1443 1070670
1444 1072124
1445 1073622
1446 1075070
1447 1076611
1448 1078064
1449 1079523
1450 1080975
1451 1082431
1452 1083892
1453 1085438
1454 1086901
1455 1088376
1456 1089837
1457 1091296
1458 1092880
1459 1094350
1460 1095830
1461 1097329
1462 1098815
1463 1100280
1464 1101769
1465 1103236
1466 1104722
1467 1106198
1468 1107680
1469 1109154
1470 1110656
1471 1112153
1472 1113723
1473 1115205
1474 1116709
1475 1118189
1476 1119783
1477 1121265
1478 1122745
1479 1124248
1480 1125745
1481 1127263
1482 1128750
1483 1130248
1484 1131764
1485 1133254
1486 1134785
1487 1136281
1488 1137812
1489 1139310
1490 1140814
1491 1142310
1492 1143814
1493 1145323
1494 1146831
1495 1148335
1496 1149853
1497 1151392
1498 1152892
1499 1154400
1500 1155910
1501 1157454
1502 1158972
1503 1160490
1504 1162013
1505 1163550
1506 1165073
1507 1166582
1508 1168101
1509 1169666
1510 1171181
1511 1172713
1512 1174235
1513 1175757
1514 1177306
1515 1178868
1516 1180398
1517 1181927
1518 1183500
1519 1185033
1520 1186606
1521 1188132
1522 1189690
1523 1191223
1524 1192825
1525 1194371
1526 1195928
1527 1197472
1528 1199027
1529 1200558
1530 1202120
1531 1203690
1532 1205266
1533 1206916
1534 1208455
1535 1209999
1536 1211549
1537 1213091
1538 1214647
1539 1216188
1540 1217733
1541 1219326
1542 1220897
1543 1222449
1544 1224009
1545 1225564
1546 1227124
1547 1228676
1548 1230275
1549 1231826
1550 1233381
1551 1234934
1552 1236569
1553 1238127
1554 1239693
1555 1241257
1556 1242856
1557 1244524
1558 1246092
1559 1247656
1560 1249225
1561 1250810
1562 1252383
1563 1253997
1564 1255566
1565 1257159
1566 1258730
1567 1260313
1568 1261890
1569 1263469
1570 1265044
1571 1266748
1572 1268322
1573 1269912
1574 1271530
1575 1273125
1576 1274724
1577 1276335
1578 1277998
1579 1279586
1580 1281212
1581 1282798
1582 1284410
1583 1285998
1584 1287607
1585 1289194
1586 1290849
1587 1292482
1588 1294114
1589 1295705
1590 1297320
1591 1298920
1592 1300517
1593 1302185
1594 1303796
1595 1305402
1596 1307018
1597 1308624
1598 1310240
1599 1311880
1600 1313525
1601 1315173
1602 1316794
1603 1318442
1604 1320091
1605 1321738
1606 1323371
1607 1325040
1608 1326657
1609 1328319
1610 1329938
1611 1331575
1612 1333207
1613 1334857
1614 1336536
1615 1338169
1616 1339787
1617 1341413
1618 1343036
1619 1344657
1620 1346282
1621 1347941
1622 1349565
1623 1351206
1624 1352832
1625 1354467
1626 1356156
1627 1357796
1628 1359426
1629 1361060
1630 1362740
1631 1364389
1632 1366040
1633 1367695
1634 1369392
1635 1371029
1636 1372704
1637 1374416
1638 1376101
1639 1377745
1640 1379387
1641 1381033
1642 1382720
1643 1384365
1644 1386014
1645 1387669
1646 1389336
1647 1391004
1648 1392654
1649 1394402
1650 1396057
1651 1397822
1652 1399476
1653 1401147
1654 1402803
1655 1404527
1656 1406188
1657 1407906
1658 1409576
1659 1411266
1660 1412943
1661 1414606
1662 1416273
1663 1418013
1664 1419835
1665 1421510
1666 1423181
1667 1424857
1668 1426567
1669 1428241
1670 1429958
1671 1431648
1672 1433376
1673 1435122
1674 1436805
1675 1438482
1676 1440265
1677 1441971
1678 1443688
1679 1445434
1680 1447116
1681 1448802
1682 1450514
1683 1452206
1684 1453997
1685 1455739
1686 1457427
1687 1459144
1688 1460841
1689 1462535
1690 1464242
1691 1465938
1692 1467655
1693 1469357
1694 1471070
1695 1472767
1696 1474510
1697 1476267
1698 1477982
1699 1479721
1700 1481477
1701 1483225
1702 1484932
1703 1486645
1704 1488358
1705 1490065
1706 1491780
1707 1493492
1708 1495202
1709 1496991
1710 1498703
1711 1500490
1712 1502212
1713 1503927
1714 1505646
1715 1507370
1716 1509135
1717 1510857
1718 1512622
1719 1514385
1720 1516147
1721 1517920
1722 1519647
1723 1521389
1724 1523128
1725 1524862
1726 1526593
1727 1528335
1728 1530073
1729 1531811
1730 1533561
1731 1535297
1732 1537045
1733 1538783
1734 1540548
1735 1542359
1736 1544109
1737 1545855
1738 1547598
1739 1549369
1740 1551130
1741 1552940
1742 1554684
1743 1556468
1744 1558231
1745 1559981
1746 1561749
1747 1563574
1748 1565333
1749 1567124
1750 1568903
1751 1570659
1752 1572425
1753 1574202
1754 1576003
1755 1577846
1756 1579607
1757 1581415
1758 1583250
1759 1585024
1760 1586808
1761 1588574
1762 1590349
1763 1592144
1764 1593932
1765 1595708
1766 1597509
1767 1599293
1768 1601079
1769 1602850
1770 1604641
1771 1606464
1772 1608278
1773 1610090
1774 1611875
1775 1613660
1776 1615490
1777 1617294
1778 1619103
1779 1620896
1780 1622752
1781 1624538
1782 1626329
1783 1628114
1784 1629907
1785 1631713
1786 1633501
1787 1635314
1788 1637117
1789 1638930
1790 1640733
1791 1642541
1792 1644335
1793 1646206
1794 1648019
1795 1649816
1796 1651639
1797 1653441
1798 1655249
1799 1657063
1800 1658900
1801 1660745
1802 1662576
1803 1664415
1804 1666224
1805 1668043
1806 1669868
1807 1671685
1808 1673510
1809 1675392
1810 1677207
1811 1679056
1812 1680916
1813 1682777
1814 1684608
1815 1686472
1816 1688323
1817 1690175
1818 1691995
1819 1693861
1820 1695690
1821 1697551
1822 1699393
1823 1701242
1824 1703068
1825 1704898
1826 1706726
1827 1708576
1828 1710413
1829 1712247
1830 1714106
1831 1715942
1832 1717935
1833 1719773
1834 1721609
1835 1723449
1836 1725287
1837 1727141
1838 1729005
1839 1730855
1840 1732707
1841 1734591
1842 1736438
1843 1738294
1844 1740148
1845 1742002
1846 1743883
1847 1745742
1848 1747735
1849 1749637
1850 1751492
1851 1753353
1852 1755207
1853 1757089
1854 1758952
1855 1760817
1856 1762684
1857 1764546
1858 1766453
1859 1768400
1860 1770283
1861 1772146
1862 1774063
1863 1775946
1864 1777822
1865 1779785
1866 1781723
1867 1783595
1868 1785465
1869 1787339
1870 1789211
1871 1791087
1872 1792987
1873 1794865
1874 1796749
1875 1798637
1876 1800547
1877 1802475
1878 1804404
1879 1806285
1880 1808331
1881 1810217
1882 1812101
1883 1813989
1884 1815957
1885 1817852
1886 1819747
1887 1821636
1888 1823594
1889 1825488
1890 1827420
1891 1829333
1892 1831321
1893 1833266
1894 1835197
1895 1837105
1896 1839031
1897 1840970
1898 1842870
1899 1844781
1900 1846704
1901 1848709
1902 1850620
1903 1852528
1904 1854443
1905 1856358
1906 1858302
1907 1860214
1908 1862124
1909 1864137
1910 1866052
1911 1867985
1912 1869908
1913 1871902
1914 1873835
1915 1875820
1916 1877748
1917 1879685
1918 1881612
1919 1883558
1920 1885577
1921 1887503
1922 1889458
1923 1891406
1924 1893332
1925 1895315
1926 1897243
1927 1899179
1928 1901112
1929 1903086
1930 1905053
1931 1906986
1932 1908941
1933 1910879
1934 1912900
1935 1914867
1936 1916812
1937 1918775
1938 1920718
1939 1922747
1940 1924793
1941 1926776
1942 1928727
1943 1930672
1944 1932665
1945 1934701
1946 1936673
1947 1938625
1948 1940582
1949 1942567
1950 1944519
1951 1946516
1952 1948477
1953 1950435
1954 1952399
1955 1954366
1956 1956372
1957 1958380
1958 1960340
1959 1962308
1960 1964280
1961 1966318
1962 1968297
1963 1970276
1964 1972242
1965 1974212
1966 1976193
1967 1978169
1968 1980150
1969 1982212
1970 1984223
1971 1986203
1972 1988189
1973 1990221
1974 1992208
1975 1994217
1976 1996256
1977 1998275
1978 2000315
1979 2002303
1980 2004285
1981 2006317
1982 2008304
1983 2010289
1984 2012333
1985 2014338
1986 2016381
1987 2018493
1988 2020483
1989 2022482
1990 2024511
1991 2026507
1992 2028512
1993 2030517
1994 2032525
1995 2034538
1996 2036552
1997 2038611
1998 2040619
1999 2042623
2000 2044625
2001 2046631
2002 2048674
2003 2050715
2004 2052721
2005 2054754
2006 2056806
2007 2058840
2008 2060895
2009 2062909
2010 2064951
2011 2066972
2012 2068993
2013 2071008
2014 2073031
2015 2075075
2016 2077127
2017 2079220
2018 2081272
2019 2083351
2020 2085376
2021 2087406
2022 2089430
2023 2091510
2024 2093536
2025 2095584
2026 2097671
2027 2099703
2028 2101834
2029 2103865
2030 2105915
2031 2107978
2032 2110012
2033 2112107
2034 2114171
2035 2116246
2036 2118296
2037 2120378
2038 2122418
2039 2124488
2040 2126609
2041 2128659
2042 2130703
2043 2132782
2044 2134916
2045 2136983
2046 2139031
2047 2141102
2048 2143184
2049 2145313
2050 2147387
2051 2149468
2052 2151529
2053 2153584
2054 2155659
2055 2157716
2056 2159782
2057 2161874
2058 2164003
2059 2166064
2060 2168147
2061 2170217
2062 2172284
2063 2174357
2064 2176423
2065 2178560
2066 2180720
2067 2182789
2068 2184862
2069 2186933
2070 2189020
2071 2191093
2072 2193199
2073 2195318
2074 2197424
2075 2199574
2076 2201652
2077 2203738
2078 2205821
2079 2207902
2080 2210001
2081 2212091
2082 2214246
2083 2216354
2084 2218457
2085 2220564
2086 2222725
2087 2224821
2088 2226919
2089 2229019
2090 2231114
2091 2233260
2092 2235354
2093 2237452
2094 2239572
2095 2241736
2096 2243834
2097 2245960
2098 2248067
2099 2250171
2100 2252273
2101 2254423
2102 2256553
2103 2258694
2104 2260825
2105 2262935
2106 2265063
2107 2267223
2108 2269336
2109 2271495
2110 2273659
2111 2275780
2112 2277925
2113 2280043
2114 2282175
2115 2284299
2116 2286420
2117 2288602
2118 2290743
2119 2292894
2120 2295083
2121 2297209
2122 2299333
2123 2301517
2124 2303643
2125 2305795
2126 2308012
2127 2310144
2128 2312288
2129 2314478
2130 2316667
2131 2318894
2132 2321044
2133 2323212
2134 2325369
2135 2327521
2136 2329707
2137 2331853
2138 2334048
2139 2336220
2140 2338369
2141 2340527
2142 2342752
2143 2344941
2144 2347099
2145 2349249
2146 2351406
2147 2353662
2148 2355908
2149 2358076
2150 2360348
2151 2362530
2152 2364684
2153 2366842
2154 2368998
2155 2371253
2156 2373432
2157 2375647
2158 2377815
2159 2380029
2160 2382230
2161 2384396
2162 2386609
2163 2388782
2164 2391030
2165 2393239
2166 2395410
2167 2397586
2168 2399756
2169 2401934
2170 2404234
2171 2406454
2172 2408628
2173 2410865
2174 2413049
2175 2415295
2176 2417473
2177 2419724
2178 2421907
2179 2424088
2180 2426279
2181 2428493
2182 2430684
2183 2432910
2184 2435113
2185 2437313
2186 2439509
2187 2441737
2188 2443974
2189 2446209
2190 2448416
2191 2450666
2192 2453019
2193 2455221
2194 2457417
2195 2459621
2196 2461822
2197 2464047
2198 2466273
2199 2468477
2200 2470679
2201 2472885
2202 2475089
2203 2477297
2204 2479515
2205 2481729
2206 2483965
2207 2486183
2208 2488400
2209 2490611
2210 2492830
2211 2495051
2212 2497275
2213 2499535
2214 2501758
2215 2504095
2216 2506328
2217 2508547
2218 2510810
2219 2513038
2220 2515290
2221 2517526
2222 2519758
2223 2522012
2224 2524249
2225 2526484
2226 2528885
2227 2531194
2228 2533431
2229 2535689
2230 2537921
2231 2540172
2232 2542423
2233 2544677
2234 2546958
2235 2549219
2236 2551457
2237 2553709
2238 2555952
2239 2558232
2240 2560559
2241 2562816
2242 2565087
2243 2567340
2244 2569673
2245 2571920
2246 2574209
2247 2576470
2248 2578727
2249 2581063
2250 2583315
2251 2585646
2252 2587907
2253 2590175
2254 2592458
2255 2594762
2256 2597056
2257 2599315
2258 2601604
2259 2603872
2260 2606157
2261 2608420
2262 2610687
2263 2612997
2264 2615286
2265 2617553
2266 2619829
2267 2622138
2268 2624411
2269 2626713
2270 2628997
2271 2631328
2272 2633660
2273 2635942
2274 2638226
2275 2640506
2276 2642793
2277 2645079
2278 2647396
2279 2649680
2280 2651962
2281 2654269
2282 2656578
2283 2658866
2284 2661163
2285 2663502
2286 2665847
2287 2668199
2288 2670489
2289 2672823
2290 2675146
2291 2677459
2292 2679789
2293 2682123
2294 2684509
2295 2686809
2296 2689121
2297 2691433
2298 2693740
2299 2696060
2300 2698365
2301 2700668
2302 2702987
2303 2705357
2304 2707666
2305 2709980
2306 2712305
2307 2714617
2308 2717006
2309 2719356
2310 2721668
2311 2724118
2312 2726432
2313 2728750
2314 2731143
2315 2733460
2316 2735818
2317 2738159
2318 2740500
2319 2742828
2320 2745150
2321 2747513
2322 2749954
2323 2752297
2324 2754652
2325 2757031
2326 2759390
2327 2761719
2328 2764136
2329 2766505
2330 2768892
2331 2771276
2332 2773656
2333 2775991
2334 2778354
2335 2780731
2336 2783072
2337 2785411
2338 2787754
2339 2790102
2340 2792470
2341 2794813
2342 2797204
2343 2799602
2344 2801948
2345 2804470
2346 2806836
2347 2809235
2348 2811592
2349 2813955
2350 2816328
2351 2818681
2352 2821038
2353 2823428
2354 2825800
2355 2828173
2356 2830553
2357 2832942
2358 2835305
2359 2837716
2360 2840078
2361 2842512
2362 2844891
2363 2847256
2364 2849625
2365 2851992
2366 2854363
2367 2856747
2368 2859218
2369 2861589
2370 2863968
2371 2866418
2372 2868815
2373 2871209
2374 2873621
2375 2876045
2376 2878426
2377 2880812
2378 2883206
2379 2885595
2380 2887999
2381 2890404
2382 2892813
2383 2895201
2384 2897587
2385 2900038
2386 2902441
2387 2904842
2388 2907290
2389 2909759
2390 2912183
2391 2914586
2392 2917103
2393 2919501
2394 2921897
2395 2924297
2396 2926750
2397 2929157
2398 2931668
2399 2934069
2400 2936474
2401 2938906
2402 2941317
2403 2943725
2404 2946142
2405 2948587
2406 2951033
2407 2953557
2408 2956028
2409 2958446
2410 2960861
2411 2963274
2412 2965696
2413 2968114
2414 2970583
2415 2973003
2416 2975421
2417 2977849
2418 2980349
2419 2982770
2420 2985195
2421 2987625
2422 2990062
2423 2992529
2424 2994955
2425 2997398
2426 2999826
2427 3002273
2428 3004703
2429 3007137
2430 3009668
2431 3012101
2432 3014569
2433 3017037
2434 3019501
2435 3022002
2436 3024465
2437 3026936
2438 3029422
2439 3031863
2440 3034328
2441 3036778
2442 3039249
2443 3041703
2444 3044184
2445 3046672
2446 3049123
2447 3051625
2448 3054078
2449 3056613
2450 3059065
2451 3061533
2452 3064003
2453 3066461
2454 3068933
2455 3071433
2456 3073940
2457 3076450
2458 3078952
2459 3081425
2460 3083903
2461 3086419
2462 3088939
2463 3091439
2464 3093912
2465 3096387
2466 3098886
2467 3101404
2468 3103877
2469 3106357
2470 3108829
2471 3111325
2472 3113821
2473 3116299
2474 3118789
2475 3121273
2476 3123789
2477 3126268
2478 3128785
2479 3131266
2480 3133772
2481 3136263
2482 3138750
2483 3141261
2484 3143758
2485 3146248
2486 3148736
2487 3151253
2488 3153801
2489 3156295
2490 3158960
2491 3161502
2492 3164020
2493 3166561
2494 3169057
2495 3171557
2496 3174055
2497 3176557
2498 3179076
2499 3181604
2500 3184109
2501 3186771
2502 3189282
2503 3191852
2504 3194358
2505 3196887
2506 3199424
2507 3201941
2508 3204483
2509 3207076
2510 3209604
2511 3212124
2512 3214647
2513 3217201
2514 3219742
2515 3222259
2516 3224896
2517 3227446
2518 3230040
2519 3232583
2520 3235105
2521 3237636
2522 3240199
2523 3242727
2524 3245253
2525 3247944
2526 3250479
2527 3253008
2528 3255569
2529 3258100
2530 3260635
2531 3263181
2532 3265813
2533 3268363
2534 3270927
2535 3273473
2536 3276011
2537 3278582
2538 3281136
2539 3283680
2540 3286237
2541 3288827
2542 3291371
2543 3293936
2544 3296532
2545 3299091
2546 3301648
2547 3304200
2548 3306826
2549 3309380
2550 3311940
2551 3314624
2552 3317185
2553 3319740
2554 3322313
2555 3324898
2556 3327542
2557 3330117
2558 3332712
2559 3335331
2560 3337901
2561 3340522
2562 3343086
2563 3345690
2564 3348340
2565 3350950
2566 3353530
2567 3356106
2568 3358679
2569 3361258
2570 3363830
2571 3366425
2572 3368999
2573 3371598
2574 3374177
2575 3376754
2576 3379335
2577 3381929
2578 3384535
2579 3387133
2580 3389736
2581 3392361
2582 3395010
2583 3397635
2584 3400269
2585 3402872
2586 3405471
2587 3408111
2588 3410713
2589 3413307
2590 3415899
2591 3418505
2592 3421162
2593 3423828
2594 3426481
2595 3429096
2596 3431722
2597 3434321
2598 3436924
2599 3439556
2600 3442173
2601 3444803
2602 3447424
2603 3450036
2604 3452691
2605 3455332
2606 3457940
2607 3460696
2608 3463370
2609 3466020
2610 3468666
2611 3471338
2612 3473990
2613 3476691
2614 3479349
2615 3482022
2616 3484670
2617 3487289
2618 3489926
2619 3492560
2620 3495185
2621 3497808
2622 3500435
2623 3503089
2624 3505765
2625 3508400
2626 3511031
2627 3513667
2628 3516325
2629 3518959
2630 3521591
2631 3524227
2632 3526969
2633 3529611
2634 3532247
2635 3534891
2636 3537546
2637 3540185
2638 3542991
2639 3545690
2640 3548332
2641 3550978
2642 3553631
2643 3556293
2644 3558946
2645 3561602
2646 3564283
2647 3566972
2648 3569651
2649 3572309
2650 3574973
2651 3577629
2652 3580283
2653 3583020
2654 3585727
2655 3588387
2656 3591052
2657 3593724
2658 3596392
2659 3599066
2660 3601744
2661 3604407
2662 3607078
2663 3609795
2664 3612555
2665 3615257
2666 3617932
2667 3620604
2668 3623304
2669 3626010
2670 3628689
2671 3631386
2672 3634063
2673 3636745
2674 3639454
2675 3642169
2676 3644882
2677 3647585
2678 3650273
2679 3652963
2680 3655659
2681 3658349
2682 3661041
2683 3663729
2684 3666415
2685 3669105
2686 3671825
2687 3674552
2688 3677245
2689 3679987
2690 3682738
2691 3685451
2692 3688145
2693 3690877
2694 3693581
2695 3696352
2696 3699058
2697 3701773
2698 3704485
2699 3707189
2700 3710004
2701 3712875
2702 3715620
2703 3718343
2704 3721136
2705 3723866
2706 3726574
2707 3729295
2708 3732039
2709 3734792
2710 3737512
2711 3740232
2712 3742946
2713 3745709
2714 3748428
2715 3751235
2716 3753956
2717 3756687
2718 3759456
2719 3762216
2720 3764977
2721 3767745
2722 3770481
2723 3773243
2724 3775972
2725 3778776
2726 3781578
2727 3784360
2728 3787166
2729 3789910
2730 3792777
2731 3795533
2732 3798276
2733 3801024
2734 3803772
2735 3806516
2736 3809285
2737 3812106
2738 3814906
2739 3817689
2740 3820434
2741 3823221
2742 3825987
2743 3828769
2744 3831533
2745 3834312
2746 3837139
2747 3839895
2748 3842648
2749 3845418
2750 3848209
2751 3851053
2752 3853848
2753 3856625
2754 3859381
2755 3862141
2756 3864982
2757 3867773
2758 3870583
2759 3873347
2760 3876119
2761 3878882
2762 3881661
2763 3884516
2764 3887375
2765 3890142
2766 3892913
2767 3895747
2768 3898567
2769 3901369
2770 3904163
2771 3906967
2772 3909748
2773 3912526
2774 3915310
2775 3918147
2776 3920933
2777 3923759
2778 3926546
2779 3929327
2780 3932134
2781 3934945
2782 3937853
2783 3940654
2784 3943457
2785 3946262
2786 3949053
2787 3951850
2788 3954654
2789 3957600
2790 3960392
2791 3963188
2792 3965982
2793 3968800
2794 3971652
2795 3974452
2796 3977257
2797 3980090
2798 3982908
2799 3985722
2800 3988580
2801 3991457
2802 3994261
2803 3997087
2804 3999951
2805 4002772
2806 4005595
2807 4008407
2808 4011225
2809 4014043
2810 4016855
2811 4019877
2812 4022716
2813 4025534
2814 4028422
2815 4031299
2816 4034117
2817 4036939
2818 4039766
2819 4042641
2820 4045463
2821 4048300
2822 4051145
2823 4053994
2824 4056835
2825 4059665
2826 4062545
2827 4065406
2828 4068244
2829 4071082
2830 4073961
2831 4076817
2832 4079686
2833 4082562
2834 4085410
2835 4088254
2836 4091124
2837 4093966
2838 4096835
2839 4099779
2840 4102628
2841 4105471
2842 4108408
2843 4111300
2844 4114164
2845 4117011
2846 4119919
2847 4122785
2848 4125690
2849 4128586
2850 4131456
2851 4134316
2852 4137191
2853 4140046
2854 4142918
2855 4145778
2856 4148648
2857 4151569
2858 4154472
2859 4157364
2860 4160226
2861 4163092
2862 4165991
2863 4168859
2864 4171753
2865 4174642
2866 4177555
2867 4180569
2868 4183492
2869 4186385
2870 4189260
2871 4192133
2872 4195015
2873 4197978
2874 4200896
2875 4203785
2876 4206707
2877 4209594
2878 4212493
2879 4215381
2880 4218292
2881 4221200
2882 4224152
2883 4227064
2884 4229974
2885 4232861
2886 4235764
2887 4238653
2888 4241546
2889 4244559
2890 4247454
2891 4250373
2892 4253298
2893 4256196
2894 4259155
2895 4262064
2896 4264984
2897 4267927
2898 4270862
2899 4273772
2900 4276681
2901 4279599
2902 4282533
2903 4285452
2904 4288372
2905 4291286
2906 4294263
2907 4297187
2908 4300175
2909 4303117
2910 4306054
2911 4308970
2912 4311910
2913 4314902
2914 4317881
2915 4320801
2916 4323803
2917 4326759
2918 4329687
2919 4332720
2920 4335657
2921 4338595
2922 4341526
2923 4344515
2924 4347492
2925 4350419
2926 4353350
2927 4356289
2928 4359226
2929 4362157
2930 4365107
2931 4368040
2932 4370977
2933 4373920
2934 4376863
2935 4379800
2936 4382745
2937 4385749
2938 4388737
2939 4391700
2940 4394718
2941 4397686
2942 4400644
2943 4403639
2944 4406604
2945 4409569
2946 4412562
2947 4415511
2948 4418525
2949 4421476
2950 4424443
2951 4427396
2952 4430376
2953 4433383
2954 4436349
2955 4439355
2956 4442316
2957 4445275
2958 4448243
2959 4451300
2960 4454271
2961 4457271
2962 4460295
2963 4463268
2964 4466314
2965 4469305
2966 4472307
2967 4475276
2968 4478253
2969 4481233
2970 4484208
2971 4487231
2972 4490234
2973 4493212
2974 4496188
2975 4499220
2976 4502240
2977 4505364
2978 4508371
2979 4511376
2980 4514397
2981 4517517
2982 4520501
2983 4523507
2984 4526522
2985 4529559
2986 4532554
2987 4535546
2988 4538536
2989 4541563
2990 4544662
2991 4547699
2992 4550784
2993 4553786
2994 4556914
2995 4559943
2996 4562941
2997 4565993
2998 4568996
2999 4572005
3000 4575034
3001 4578070
3002 4581143
3003 4584148
3004 4587161
3005 4590252
3006 4593299
3007 4596308
3008 4599334
3009 4602345
3010 4605374
3011 4608494
3012 4611508
3013 4614601
3014 4617637
3015 4620700
3016 4623780
3017 4626817
3018 4629924
3019 4632999
3020 4636021
3021 4639051
3022 4642078
3023 4645209
3024 4648238
3025 4651265
3026 4654296
3027 4657332
3028 4660362
3029 4663425
3030 4666460
3031 4669501
3032 4672542
3033 4675607
3034 4678643
3035 4681688
3036 4684729
3037 4687775
3038 4690827
3039 4693886
3040 4696931
3041 4700017
3042 4703064
3043 4706226
3044 4709341
3045 4712405
3046 4715507
3047 4718556
3048 4721650
3049 4724701
3050 4727756
3051 4730821
3052 4733904
3053 4736966
3054 4740093
3055 4743181
3056 4746242
3057 4749376
3058 4752448
3059 4755512
3060 4758627
3061 4761697
3062 4764785
3063 4767895
3064 4770968
3065 4774053
3066 4777121
3067 4780238
3068 4783308
3069 4786420
3070 4789579
3071 4792698
3072 4795812
3073 4798887
3074 4802047
3075 4805154
3076 4808265
3077 4811361
3078 4814597
3079 4817678
3080 4820763
3081 4823853
3082 4826953
3083 4830055
3084 4833141
3085 4836248
3086 4839451
3087 4842540
3088 4845776
3089 4848876
3090 4852001
3091 4855101
3092 4858195
3093 4861387
3094 4864486
3095 4867590
3096 4870700
3097 4873873
3098 4877013
3099 4880168
3100 4883277
3101 4886412
3102 4889519
3103 4892700
3104 4895809
3105 4898927
3106 4902035
3107 4905159
3108 4908291
3109 4911402
3110 4914525
3111 4917681
3112 4920802
3113 4923933
3114 4927052
3115 4930191
3116 4933309
3117 4936435
3118 4939558
3119 4942703
3120 4945832
3121 4948967
3122 4952094
3123 4955219
3124 4958378
3125 4961554
3126 4964700
3127 4967838
3128 4970984
3129 4974137
3130 4977282
3131 4980486
3132 4983620
3133 4986794
3134 4989952
3135 4993150
3136 4996291
3137 4999480
3138 5002639
3139 5005783
3140 5008994
3141 5012177
3142 5015353
3143 5018510
3144 5021659
3145 5024836
3146 5028063
3147 5031254
3148 5034431
3149 5037589
3150 5040749
3151 5043967
3152 5047148
3153 5050369
3154 5053667
3155 5056851
3156 5060012
3157 5063171
3158 5066334
3159 5069503
3160 5072768
3161 5075934
3162 5079131
3163 5082389
3164 5085617
3165 5088791
3166 5091959
3167 5095135
3168 5098353
3169 5101555
3170 5104754
3171 5107942
3172 5111158
3173 5114356
3174 5117547
3175 5120736
3176 5123914
3177 5127155
3178 5130351
3179 5133560
3180 5136755
3181 5139982
3182 5143219
3183 5146424
3184 5149637
3185 5152836
3186 5156081
3187 5159308
3188 5162505
3189 5165710
3190 5168970
3191 5172222
3192 5175419
3193 5178614
3194 5181825
3195 5185022
3196 5188235
3197 5191477
3198 5194684
3199 5197901
3200 5201124
3201 5204344
3202 5207628
3203 5210858
3204 5214106
3205 5217419
3206 5220630
3207 5223847
3208 5227159
3209 5230370
3210 5233585
3211 5236811
3212 5240032
3213 5243320
3214 5246562
3215 5249819
3216 5253040
3217 5256295
3218 5259605
3219 5262833
3220 5266055
3221 5269326
3222 5272650
3223 5275909
3224 5279197
3225 5282493
3226 5285728
3227 5288957
3228 5292271
3229 5295556
3230 5298827
3231 5302091
3232 5305328
3233 5308605
3234 5311880
3235 5315120
3236 5318366
3237 5321612
3238 5324852
3239 5328225
3240 5331470
3241 5334726
3242 5338069
3243 5341355
3244 5344665
3245 5347953
3246 5351301
3247 5354550
3248 5357831
3249 5361131
3250 5364444
3251 5367746
3252 5371055
3253 5374310
3254 5377573
3255 5380845
3256 5384111
3257 5387373
3258 5390640
3259 5393943
3260 5397208
3261 5400471
3262 5403798
3263 5407097
3264 5410407
3265 5413681
3266 5416990
3267 5420269
3268 5423554
3269 5426857
3270 5430202
3271 5433497
3272 5436797
3273 5440099
3274 5443375
3275 5446727
3276 5450071
3277 5453361
3278 5456649
3279 5459933
3280 5463254
3281 5466549
3282 5469919
3283 5473262
3284 5476548
3285 5479881
3286 5483240
3287 5486532
3288 5489872
3289 5493232
3290 5496524
3291 5499881
3292 5503175
3293 5506473
3294 5509790
3295 5513101
3296 5516453
3297 5519771
3298 5523126
3299 5526430
3300 5529732
3301 5533073
3302 5536437
3303 5539938
3304 5543251
3305 5546568
3306 5549888
3307 5553222
3308 5556547
3309 5559874
3310 5563221
3311 5566557
3312 5569880
3313 5573198
3314 5576522
3315 5579872
3316 5583333
3317 5586664
3318 5590007
3319 5593340
3320 5596721
3321 5600051
3322 5603388
3323 5606742
3324 5610084
3325 5613411
3326 5616779
3327 5620108
3328 5623459
3329 5626805
3330 5630137
3331 5633485
3332 5636878
3333 5640255
3334 5643679
3335 5647023
3336 5650364
3337 5653717
3338 5657154
3339 5660514
3340 5663866
3341 5667329
3342 5670680
3343 5674069
3344 5677432
3345 5680821
3346 5684211
3347 5687579
3348 5690944
3349 5694295
3350 5697662
3351 5701130
3352 5704484
3353 5707904
3354 5711273
3355 5714633
3356 5717991
3357 5721358
3358 5724767
3359 5728131
3360 5731493
3361 5734866
3362 5738233
3363 5741667
3364 5745036
3365 5748416
3366 5751791
3367 5755209
3368 5758579
3369 5761953
3370 5765332
3371 5768727
3372 5772104
3373 5775488
3374 5778977
3375 5782438
3376 5785816
3377 5789202
3378 5792593
3379 5795977
3380 5799427
3381 5802901
3382 5806297
3383 5809685
3384 5813071
3385 5816461
3386 5820189
3387 5823591
3388 5826984
3389 5830397
3390 5833834
3391 5837227
3392 5840624
3393 5844069
3394 5847481
3395 5850878
3396 5854279
3397 5857754
3398 5861190
3399 5864612
3400 5868057
3401 5871469
3402 5874972
3403 5878426
3404 5881839
3405 5885265
3406 5888681
3407 5892093
3408 5895565
3409 5899013
3410 5902477
3411 5905890
3412 5909307
3413 5912722
3414 5916163
3415 5919607
3416 5923090
3417 5926509
3418 5930021
3419 5933449
3420 5936915
3421 5940443
3422 5943867
3423 5947319
3424 5950803
3425 5954289
3426 5957730
3427 5961240
3428 5964886
3429 5968332
3430 5971782
3431 5975253
3432 5978708
3433 5982167
3434 5985610
3435 5989110
3436 5992548
3437 5996104
3438 5999552
3439 6002993
3440 6006438
3441 6009888
3442 6013346
3443 6016799
3444 6020254
3445 6023731
3446 6027281
3447 6030730
3448 6034225
3449 6037676
3450 6041162
3451 6044662
3452 6048137
3453 6051599
3454 6055055
3455 6058535
3456 6062016
3457 6065550
3458 6069013
3459 6072526
3460 6075995
3461 6079461
3462 6083058
3463 6086523
3464 6089992
3465 6093466
3466 6096975
3467 6100444
3468 6103917
3469 6107431
3470 6110924
3471 6114407
3472 6117884
3473 6121366
3474 6124842
3475 6128326
3476 6131807
3477 6135399
3478 6138899
3479 6142380
3480 6145881
3481 6149371
3482 6152909
3483 6156394
3484 6159953
3485 6163476
3486 6166997
3487 6170493
3488 6173991
3489 6177485
3490 6181039
3491 6184532
3492 6188029
3493 6191582
3494 6195078
3495 6198589
3496 6202090
3497 6205596
3498 6209115
3499 6212656
3500 6216165
3501 6219668
3502 6223189
3503 6226733
3504 6230290
3505 6233828
3506 6237444
3507 6240982
3508 6244532
3509 6248051
3510 6251566
3511 6255079
3512 6258722
3513 6262318
3514 6265866
3515 6269386
3516 6272911
3517 6276443
3518 6279966
3519 6283487
3520 6287091
3521 6290614
3522 6294146
3523 6297674
3524 6301296
3525 6304899
3526 6308527
3527 6312056
3528 6315593
3529 6319160
3530 6322699
3531 6326232
3532 6329831
3533 6333391
3534 6336927
3535 6340486
3536 6344027
3537 6347575
3538 6351122
3539 6354705
3540 6358292
3541 6361842
3542 6365401
3543 6369007
3544 6372556
3545 6376147
3546 6379695
3547 6383265
3548 6386827
3549 6390429
3550 6394015
3551 6397575
3552 6401234
3553 6404789
3554 6408376
3555 6411980
3556 6415538
3557 6419112
3558 6422709
3559 6426273
3560 6429848
3561 6433474
3562 6437161
3563 6440890
3564 6444456
3565 6448045
3566 6451632
3567 6455209
3568 6458811
3569 6462382
3570 6465977
3571 6469553
3572 6473127
3573 6476705
3574 6480288
3575 6483936
3576 6487581
3577 6491207
3578 6494796
3579 6498380
3580 6501995
3581 6505694
3582 6509281
3583 6512904
3584 6516506
3585 6520105
3586 6523725
3587 6527364
3588 6530992
3589 6534598
3590 6538193
3591 6541814
3592 6545452
3593 6549054
3594 6552675
3595 6556275
3596 6559882
3597 6563481
3598 6567096
3599 6570697
3600 6574323
3601 6577929
3602 6581533
3603 6585141
3604 6588754
3605 6592375
3606 6595986
3607 6599606
3608 6603387
3609 6607080
3610 6610718
3611 6614343
3612 6618017
3613 6621656
3614 6625272
3615 6628896
3616 6632534
3617 6636153
3618 6639776
3619 6643435
3620 6647076
3621 6650736
3622 6654360
3623 6658051
3624 6661677
3625 6665362
3626 6669019
3627 6672656
3628 6676299
3629 6679977
3630 6683612
3631 6687311
3632 6690993
3633 6694640
3634 6698283
3635 6701923
3636 6705631
3637 6709277
3638 6713018
3639 6716732
3640 6720396
3641 6724039
3642 6727713
3643 6731424
3644 6735073
3645 6739040
3646 6742691
3647 6746340
3648 6750011
3649 6753669
3650 6757339
3651 6760992
3652 6764704
3653 6768380
3654 6772160
3655 6775817
3656 6779478
3657 6783168
3658 6786902
3659 6790570
3660 6794232
3661 6797902
3662 6801584
3663 6805297
3664 6809002
3665 6812672
3666 6816340
3667 6820026
3668 6823703
3669 6827386
3670 6831077
3671 6834794
3672 6838486
3673 6842169
3674 6845845
3675 6849557
3676 6853349
3677 6857093
3678 6860828
3679 6864524
3680 6868279
3681 6871986
3682 6875670
3683 6879386
3684 6883075
3685 6886785
3686 6890473
3687 6894178
3688 6897868
3689 6901567
3690 6905296
3691 6908999
3692 6912738
3693 6916615
3694 6920318
3695 6924015
3696 6927739
3697 6931441
3698 6935161
3699 6938923
3700 6942676
3701 6946379
3702 6950115
3703 6953836
3704 6957549
3705 6961286
3706 6965028
3707 6968755
3708 6972565
3709 6976291
3710 6980029
3711 6983754
3712 6987493
3713 6991208
3714 6994927
3715 6998696
3716 7002484
3717 7006239
3718 7010041
3719 7013762
3720 7017487
3721 7021210
3722 7024991
3723 7028734
3724 7032470
3725 7036256
3726 7040032
3727 7043768
3728 7047599
3729 7051364
3730 7055118
3731 7058851
3732 7062645
3733 7066544
3734 7070283
3735 7074127
3736 7077865
3737 7081613
3738 7085368
3739 7089132
3740 7092874
3741 7096627
3742 7100390
3743 7104148
3744 7107897
3745 7111654
3746 7115423
3747 7119205
3748 7122994
3749 7126748
3750 7130507
3751 7134281
3752 7138177
3753 7142016
3754 7145779
3755 7149670
3756 7153435
3757 7157255
3758 7161037
3759 7164798
3760 7168575
3761 7172407
3762 7176178
3763 7179952
3764 7183721
3765 7187528
3766 7191341
3767 7195130
3768 7198961
3769 7202773
3770 7206557
3771 7210337
3772 7214159
3773 7217937
3774 7221754
3775 7225552
3776 7229330
3777 7233143
3778 7237019
3779 7240858
3780 7244640
3781 7248447
3782 7252238
3783 7256026
3784 7259812
3785 7263602
3786 7267398
3787 7271276
3788 7275069
3789 7278907
3790 7282699
3791 7286495
3792 7290318
3793 7294168
3794 7298245
3795 7302049
3796 7306072
3797 7309871
3798 7313731
3799 7317540
3800 7321349
3801 7325184
3802 7329068
3803 7332876
3804 7336682
3805 7340511
3806 7344399
3807 7348216
3808 7352026
3809 7355875
3810 7359712
3811 7363535
3812 7367370
3813 7371238
3814 7375054
3815 7378922
3816 7382763
3817 7386610
3818 7390531
3819 7394415
3820 7398244
3821 7402081
3822 7405914
3823 7409758
3824 7413591
3825 7417430
3826 7421261
3827 7425090
3828 7428923
3829 7432860
3830 7436777
3831 7440617
3832 7444459
3833 7448345
3834 7452238
3835 7456111
3836 7459949
3837 7463841
3838 7467694
3839 7471595
3840 7475453
3841 7479401
3842 7483248
3843 7487150
3844 7491008
3845 7494886
3846 7498758
3847 7502637
3848 7506532
3849 7510390
3850 7514258
3851 7518171
3852 7522032
3853 7525906
3854 7529771
3855 7533641
3856 7537553
3857 7541412
3858 7545326
3859 7549266
3860 7553145
3861 7557015
3862 7561080
3863 7565000
3864 7568873
3865 7572760
3866 7576628
3867 7580500
3868 7584377
3869 7588313
3870 7592188
3871 7596172
3872 7600049
3873 7603924
3874 7607834
3875 7611726
3876 7615648
3877 7619530
3878 7623424
3879 7627376
3880 7631261
3881 7635169
3882 7639068
3883 7643018
3884 7646916
3885 7650812
3886 7654733
3887 7658676
3888 7662574
3889 7666483
3890 7670391
3891 7674291
3892 7678210
3893 7682108
3894 7686033
3895 7690000
3896 7693913
3897 7697833
3898 7701762
3899 7705703
3900 7709605
3901 7713515
3902 7717422
3903 7721327
3904 7725270
3905 7729226
3906 7733162
3907 7737096
3908 7741061
3909 7745042
3910 7748961
3911 7752892
3912 7756852
3913 7760767
3914 7764705
3915 7768634
3916 7772555
3917 7776481
3918 7780401
3919 7784355
3920 7788280
3921 7792262
3922 7796217
3923 7800208
3924 7804176
3925 7808124
3926 7812059
3927 7815988
3928 7819975
3929 7823924
3930 7827868
3931 7831804
3932 7835845
3933 7839802
3934 7843794
3935 7847739
3936 7851774
3937 7855804
3938 7859765
3939 7863721
3940 7867689
3941 7871649
3942 7875593
3943 7879600
3944 7883554
3945 7887598
3946 7891602
3947 7895613
3948 7899566
3949 7903604
3950 7907556
3951 7911512
3952 7915493
3953 7919518
3954 7923474
3955 7927498
3956 7931459
3957 7935418
3958 7939387
3959 7943363
3960 7947408
3961 7951448
3962 7955446
3963 7959453
3964 7963426
3965 7967438
3966 7971472
3967 7975453
3968 7979426
3969 7983409
3970 7987388
3971 7991364
3972 7995346
3973 7999377
3974 8003367
3975 8007361
3976 8011339
3977 8015346
3978 8019333
3979 8023317
3980 8027299
3981 8031302
3982 8035301
3983 8039286
3984 8043311
3985 8047325
3986 8051381
3987 8055400
3988 8059397
3989 8063405
3990 8067407
3991 8071516
3992 8075510
3993 8079514
3994 8083560
3995 8087667
3996 8091822
3997 8095821
3998 8099860
3999 8103904
4000 8107906
4001 8111983
4002 8116068
4003 8120081
4004 8124102
4005 8128128
4006 8132150
4007 8136184
4008 8140206
4009 8144271
4010 8148484
4011 8152504
4012 8156526
4013 8160544
4014 8164647
4015 8168667
4016 8172685
4017 8176707
4018 8180793
4019 8184939
4020 8188998
4021 8193031
4022 8197090
4023 8201169
4024 8205287
4025 8209333
4026 8213456
4027 8217488
4028 8221550
4029 8225610
4030 8229667
4031 8233707
4032 8237791
4033 8241829
4034 8245905
4035 8249970
4036 8254018
4037 8258057
4038 8262198
4039 8266282
4040 8270358
4041 8274408
4042 8278505
4043 8282553
4044 8286629
4045 8290679
4046 8294739
4047 8298788
4048 8302841
4049 8306936
4050 8311052
4051 8315112
4052 8319230
4053 8323496
4054 8327590
4055 8331647
4056 8335708
4057 8339774
4058 8343834
4059 8348070
4060 8352322
4061 8356413
4062 8360480
4063 8364553
4064 8368619
4065 8372790
4066 8376877
4067 8380953
4068 8385023
4069 8389139
4070 8393226
4071 8397322
4072 8401396
4073 8405525
4074 8409601
4075 8413685
4076 8417826
4077 8421912
4078 8426006
4079 8430090
4080 8434172
4081 8438278
4082 8442369
4083 8446466
4084 8450575
4085 8454662
4086 8458802
4087 8462954
4088 8467074
4089 8471186
4090 8475393
4091 8479517
4092 8483635
4093 8487762
4094 8491873
4095 8495979
4096 8500096
4097 8504251
4098 8508397
4099 8512559
4100 8516664
4101 8520767
4102 8524888
4103 8529039
4104 8533187
4105 8537325
4106 8541440
4107 8545610
4108 8549800
4109 8553914
4110 8558093
4111 8562206
4112 8566323
4113 8570569
4114 8574701
4115 8578832
4116 8582972
4117 8587094
4118 8591222
4119 8595350
4120 8599527
4121 8603658
4122 8607817
4123 8611945
4124 8616071
4125 8620255
4126 8624429
4127 8628575
4128 8632761
4129 8636930
4130 8641092
4131 8645225
4132 8649362
4133 8653504
4134 8657640
4135 8661794
4136 8666148
4137 8670301
4138 8674470
4139 8678614
4140 8682764
4141 8686992
4142 8691136
4143 8695318
4144 8699476
4145 8703626
4146 8707774
4147 8711953
4148 8716128
4149 8720340
4150 8724508
4151 8728774
4152 8732931
4153 8737121
4154 8741293
4155 8745600
4156 8749761
4157 8753927
4158 8758087
4159 8762273
4160 8766486
4161 8770680
4162 8774875
4163 8779047
4164 8783237
4165 8787512
4166 8791738
4167 8795910
4168 8800097
4169 8804349
4170 8808536
4171 8812712
4172 8816921
4173 8821153
4174 8825350
4175 8829574
4176 8833765
4177 8837967
4178 8842194
4179 8846441
4180 8850639
4181 8854844
4182 8859049
4183 8863252
4184 8867505
4185 8871700
4186 8875888
4187 8880106
4188 8884296
4189 8888494
4190 8892703
4191 8896909
4192 8901110
4193 8905319
4194 8909527
4195 8913727
4196 8917979
4197 8922330
4198 8926559
4199 8930813
4200 8935077
4201 8939309
4202 8943516
4203 8947728
4204 8952005
4205 8956215
4206 8960464
4207 8964681
4208 8968891
4209 8973168
4210 8977485
4211 8981717
4212 8985961
4213 8990200
4214 8994448
4215 8998668
4216 9002886
4217 9007194
4218 9011414
4219 9015653
4220 9019882
4221 9024120
4222 9028371
4223 9032599
4224 9036901
4225 9041201
4226 9045436
4227 9049668
4228 9053955
4229 9058278
4230 9062529
4231 9066769
4232 9071263
4233 9075543
4234 9079786
4235 9084026
4236 9088403
4237 9092763
4238 9097006
4239 9101247
4240 9105492
4241 9109803
4242 9114078
4243 9118346
4244 9122595
4245 9126854
4246 9131109
4247 9135392
4248 9139674
4249 9143940
4250 9148192
4251 9152481
4252 9156794
4253 9161127
4254 9165391
4255 9169668
4256 9173933
4257 9178218
4258 9182545
4259 9186868
4260 9191130
4261 9195614
4262 9199881
4263 9204146
4264 9208429
4265 9212841
4266 9217157
4267 9221470
4268 9225743
4269 9230039
4270 9234345
4271 9238648
4272 9242952
4273 9247235
4274 9251514
4275 9255798
4276 9260117
4277 9264405
4278 9268685
4279 9272969
4280 9277281
4281 9281599
4282 9285886
4283 9290225
4284 9294519
4285 9298925
4286 9303222
4287 9307521
4288 9311826
4289 9316144
4290 9320487
4291 9324891
4292 9329252
4293 9333554
4294 9337861
4295 9342214
4296 9346524
4297 9350826
4298 9355148
4299 9359506
4300 9363811
4301 9368243
4302 9372550
4303 9376886
4304 9381214
4305 9385521
4306 9389842
4307 9394189
4308 9398530
4309 9402841
4310 9407156
4311 9411476
4312 9415815
4313 9420130
4314 9424482
4315 9428822
4316 9433147
4317 9437469
4318 9441789
4319 9446127
4320 9450475
4321 9454807
4322 9459145
4323 9463521
4324 9467931
4325 9472428
4326 9476783
4327 9481163
4328 9485503
4329 9489902
4330 9494248
4331 9498581
4332 9502931
4333 9507301
4334 9511637
4335 9516068
4336 9520460
4337 9524824
4338 9529230
4339 9533593
4340 9537977
4341 9542330
4342 9546681
4343 9551026
4344 9555459
4345 9559809
4346 9564164
4347 9568649
4348 9573035
4349 9577389
4350 9581752
4351 9586112
4352 9590466
4353 9594828
4354 9599187
4355 9603576
4356 9607964
4357 9612330
4358 9616693
4359 9621072
4360 9625463
4361 9629862
4362 9634251
4363 9638778
4364 9643160
4365 9647545
4366 9652010
4367 9656379
4368 9660765
4369 9665152
4370 9669584
4371 9673994
4372 9678371
4373 9682859
4374 9687242
4375 9691619
4376 9696030
4377 9700470
4378 9704862
4379 9709285
4380 9713670
4381 9718062
4382 9722458
4383 9726907
4384 9731330
4385 9735724
4386 9740120
4387 9744512
4388 9748902
4389 9753314
4390 9757732
4391 9762125
4392 9766590
4393 9771041
4394 9775440
4395 9779837
4396 9784238
4397 9788707
4398 9793174
4399 9797595
4400 9801997
4401 9806422
4402 9810833
4403 9815259
4404 9819789
4405 9824215
4406 9828698
4407 9833160
4408 9837623
4409 9842034
4410 9846453
4411 9850881
4412 9855298
4413 9859737
4414 9864175
4415 9868592
4416 9873013
4417 9877486
4418 9881977
4419 9886479
4420 9890901
4421 9895342
4422 9899773
4423 9904210
4424 9908697
4425 9913136
4426 9917571
4427 9922026
4428 9926480
4429 9930939
4430 9935386
4431 9939844
4432 9944285
4433 9948753
4434 9953192
4435 9957629
4436 9962159
4437 9966601
4438 9971056
4439 9975510
4440 9979959
4441 9984405
4442 9988849
4443 9993297
4444 9997751
4445 10002251
4446 10006702
4447 10011165
4448 10015634
4449 10020179
4450 10024716
4451 10029197
4452 10033651
4453 10038113
4454 10042619
4455 10047195
4456 10051759
4457 10056218
4458 10060687
4459 10065196
4460 10069720
4461 10074191
4462 10078662
4463 10083140
4464 10087609
4465 10092076
4466 10096552
4467 10101037
4468 10105519
4469 10110040
4470 10114538
4471 10119023
4472 10123540
4473 10128027
4474 10132565
4475 10137050
4476 10141531
4477 10146107
4478 10150627
4479 10155123
4480 10159605
4481 10164125
4482 10168620
4483 10173108
4484 10177768
4485 10182255
4486 10186846
4487 10191342
4488 10195844
4489 10200348
4490 10204877
4491 10209382
4492 10213883
4493 10218421
4494 10222944
4495 10227472
4496 10232001
4497 10236507
4498 10241057
4499 10245618
4500 10250120
4501 10254646
4502 10259153
4503 10263744
4504 10268282
4505 10272818
4506 10277366
4507 10281946
4508 10286493
4509 10291044
4510 10295587
4511 10300133
4512 10304654
4513 10309222
4514 10313795
4515 10318443
4516 10322976
4517 10327569
4518 10332118
4519 10336693
4520 10341222
4521 10345745
4522 10350292
4523 10355093
4524 10359627
4525 10364154
4526 10368685
4527 10373245
4528 10377840
4529 10382428
4530 10386980
4531 10391525
4532 10396115
4533 10400659
4534 10405253
4535 10409876
4536 10414503
4537 10419042
4538 10423677
4539 10428221
4540 10432763
4541 10437335
4542 10441886
4543 10446460
4544 10451006
4545 10455556
4546 10460178
4547 10464735
4548 10469321
4549 10473872
4550 10478470
4551 10483049
4552 10487651
4553 10492300
4554 10496863
4555 10501423
4556 10506146
4557 10510713
4558 10515330
4559 10519894
4560 10524456
4561 10529022
4562 10533586
4563 10538154
4564 10542732
4565 10547550
4566 10552161
4567 10556796
4568 10561366
4569 10565998
4570 10570693
4571 10575294
4572 10579896
4573 10584512
4574 10589088
4575 10593673
4576 10598254
4577 10602859
4578 10607442
4579 10612037
4580 10616680
4581 10621266
4582 10625858
4583 10630443
4584 10635061
4585 10639671
4586 10644269
4587 10648935
4588 10653559
4589 10658150
4590 10662763
4591 10667371
4592 10672018
4593 10676616
4594 10681219
4595 10685816
4596 10690523
4597 10695150
4598 10699797
4599 10704416
4600 10709078
4601 10713681
4602 10718288
4603 10722921
4604 10727633
4605 10732255
4606 10736871
4607 10741483
4608 10746093
4609 10750707
4610 10755326
4611 10759939
4612 10764590
4613 10769463
4614 10774090
4615 10778735
4616 10783410
4617 10788029
4618 10792657
4619 10797386
4620 10802135
4621 10806761
4622 10811519
4623 10816159
4624 10820792
4625 10825422
4626 10830097
4627 10834757
4628 10839450
4629 10844081
4630 10848716
4631 10853358
4632 10857999
4633 10862665
4634 10867344
4635 10872018
4636 10876753
4637 10881395
4638 10886035
4639 10890695
4640 10895349
4641 10899999
4642 10904646
4643 10909299
4644 10914026
4645 10918676
4646 10923350
4647 10927999
4648 10932666
4649 10937426
4650 10942107
4651 10946826
4652 10951536
4653 10956191
4654 10960850
4655 10965531
4656 10970212
4657 10974909
4658 10979593
4659 10984350
4660 10989015
4661 10993690
4662 10998415
4663 11003106
4664 11007792
4665 11012467
4666 11017198
4667 11021900
4668 11026627
4669 11031355
4670 11036072
4671 11040754
4672 11045431
4673 11050158
4674 11054870
4675 11059550
4676 11064271
4677 11068962
4678 11073790
4679 11078483
4680 11083196
4681 11087901
4682 11092747
4683 11097432
4684 11102125
4685 11106815
4686 11111512
4687 11116201
4688 11120967
4689 11125747
4690 11130439
4691 11135164
4692 11139876
4693 11144703
4694 11149427
4695 11154190
4696 11158891
4697 11163629
4698 11168343
4699 11173047
4700 11177814
4701 11182559
4702 11187263
4703 11191997
4704 11196716
4705 11201426
4706 11206134
4707 11210942
4708 11215696
4709 11220434
4710 11225195
4711 11229927
4712 11234678
4713 11239439
4714 11244163
4715 11249032
4716 11253767
4717 11258494
4718 11263258
4719 11268040
4720 11272791
4721 11277528
4722 11282281
4723 11287009
4724 11291761
4725 11296585
4726 11301313
4727 11306084
4728 11310862
4729 11315660
4730 11320418
4731 11325241
4732 11329987
4733 11334755
4734 11339494
4735 11344260
4736 11349005
4737 11353765
4738 11358611
4739 11363421
4740 11368170
4741 11372936
4742 11377683
4743 11382456
4744 11387350
4745 11392100
4746 11396848
4747 11401600
4748 11406358
4749 11411126
4750 11415904
4751 11420674
4752 11425435
4753 11430229
4754 11435018
4755 11439970
4756 11444737
4757 11449499
4758 11454266
4759 11459061
4760 11463848
4761 11468626
4762 11473560
4763 11478332
4764 11483193
4765 11487960
4766 11492744
4767 11497556
4768 11502362
4769 11507133
4770 11511920
4771 11516696
4772 11521631
4773 11526424
4774 11531207
4775 11535992
4776 11540863
4777 11545671
4778 11550451
4779 11555235
4780 11560038
4781 11564905
4782 11569707
4783 11574523
4784 11579448
4785 11584252
4786 11589040
4787 11593837
4788 11598698
4789 11603501
4790 11608293
4791 11613125
4792 11617959
4793 11622806
4794 11627602
4795 11632589
4796 11637431
4797 11642251
4798 11647142
4799 11651943
4800 11656752
4801 11661558
4802 11666371
4803 11671229
4804 11676042
4805 11680887
4806 11685714
4807 11690535
4808 11695348
4809 11700259
4810 11705182
4811 11710012
4812 11714860
4813 11719683
4814 11724548
4815 11729365
4816 11734201
4817 11739087
4818 11743939
4819 11748799
4820 11753624
4821 11758454
4822 11763312
4823 11768171
4824 11772997
4825 11777831
4826 11782662
4827 11787527
4828 11792401
4829 11797235
4830 11802136
4831 11806972
4832 11811814
4833 11816695
4834 11821531
4835 11826495
4836 11831336
4837 11836185
4838 11841025
4839 11845881
4840 11850723
4841 11855663
4842 11860530
4843 11865382
4844 11870249
4845 11875152
4846 11880027
4847 11884936
4848 11889862
4849 11894784
4850 11899810
4851 11904666
4852 11909586
4853 11914540
4854 11919411
4855 11924319
4856 11929177
4857 11934200
4858 11939068
4859 11943970
4860 11948846
4861 11953712
4862 11958583
4863 11963460
4864 11968337
4865 11973207
4866 11978075
4867 11982978
4868 11987942
4869 11992882
4870 11997794
4871 12002762
4872 12007690
4873 12012666
4874 12017566
4875 12022457
4876 12027347
4877 12032229
4878 12037117
4879 12042005
4880 12046900
4881 12051855
4882 12056785
4883 12061670
4884 12066579
4885 12071526
4886 12076422
4887 12081311
4888 12086277
4889 12091187
4890 12096079
4891 12101013
4892 12105924
4893 12110861
4894 12115925
4895 12120829
4896 12125730
4897 12130652
4898 12135560
4899 12140477
4900 12145386
4901 12150298
4902 12155247
4903 12160238
4904 12165154
4905 12170107
4906 12175035
4907 12179958
4908 12184921
4909 12189871
4910 12194812
4911 12199744
4912 12204693
4913 12209611
4914 12214527
4915 12219503
4916 12224504
4917 12229423
4918 12234359
4919 12239280
4920 12244205
4921 12249181
4922 12254108
4923 12259033
4924 12264078
4925 12269005
4926 12273969
4927 12278905
4928 12283853
4929 12288784
4930 12293760
4931 12298738
4932 12303681
4933 12308678
4934 12313673
4935 12318632
4936 12323688
4937 12328644
4938 12333591
4939 12338601
4940 12343550
4941 12348544
4942 12353491
4943 12358517
4944 12363470
4945 12368429
4946 12373380
4947 12378450
4948 12383415
4949 12388373
4950 12393403
4951 12398438
4952 12403428
4953 12408407
4954 12413437
4955 12418411
4956 12423369
4957 12428346
4958 12433455
4959 12438427
4960 12443433
4961 12448408
4962 12453381
4963 12458349
4964 12463407
4965 12468446
4966 12473430
4967 12478438
4968 12483433
4969 12488424
4970 12493476
4971 12498470
4972 12503444
4973 12508522
4974 12513501
4975 12518507
4976 12523555
4977 12528579
4978 12533584
4979 12538608
4980 12543590
4981 12548576
4982 12553636
4983 12558694
4984 12563718
4985 12568728
4986 12573723
4987 12578712
4988 12583709
4989 12588703
4990 12593719
4991 12598831
4992 12603828
4993 12608833
4994 12613836
4995 12618833
4996 12623911
4997 12628925
4998 12633971
4999 12638975
5000 12644016
5001 12649082
5002 12654089
5003 12659170
5004 12664176
5005 12669206
5006 12674243
5007 12679255
5008 12684265
5009 12689523
5010 12694535
5011 12699610
5012 12704631
5013 12709649
5014 12714674
5015 12719714
5016 12724732
5017 12729758
5018 12734833
5019 12739877
5020 12744911
5021 12749937
5022 12754961
5023 12760078
5024 12765121
5025 12770148
5026 12775219
5027 12780248
5028 12785306
5029 12790349
5030 12795457
5031 12800683
5032 12805732
5033 12810848
5034 12815916
5035 12820953
5036 12826017
5037 12831064
5038 12836124
5039 12841186
5040 12846228
5041 12851274
5042 12856330
5043 12861437
5044 12866550
5045 12871627
5046 12876770
5047 12881826
5048 12886903
5049 12891957
5050 12897009
5051 12902109
5052 12907236
5053 12912355
5054 12917411
5055 12922475
5056 12927614
5057 12932680
5058 12937740
5059 12942808
5060 12947873
5061 12952982
5062 12958138
5063 12963215
5064 12968319
5065 12973386
5066 12978494
5067 12983590
5068 12988770
5069 12993841
5070 12998944
5071 13004081
5072 13009158
5073 13014233
5074 13019377
5075 13024454
5076 13029598
5077 13034677
5078 13039764
5079 13044884
5080 13049969
5081 13055127
5082 13060231
5083 13065319
5084 13070443
5085 13075533
5086 13080668
5087 13085845
5088 13090942
5089 13096033
5090 13101132
5091 13106267
5092 13111361
5093 13116471
5094 13121745
5095 13126890
5096 13132030
5097 13137160
5098 13142275
5099 13147384
5100 13152575
5101 13157681
5102 13162785
5103 13167912
5104 13173050
5105 13178190
5106 13183349
5107 13188531
5108 13193641
5109 13198759
5110 13203890
5111 13209120
5112 13214237
5113 13219352
5114 13224495
5115 13229619
5116 13234740
5117 13239912
5118 13245046
5119 13250192
5120 13255348
5121 13260531
5122 13265675
5123 13270851
5124 13276080
5125 13281207
5126 13286342
5127 13291489
5128 13296619
5129 13301753
5130 13306952
5131 13312232
5132 13317366
5133 13322512
5134 13327708
5135 13332845
5136 13338003
5137 13343201
5138 13348344
5139 13353485
5140 13358683
5141 13363838
5142 13369013
5143 13374168
5144 13379326
5145 13384508
5146 13389674
5147 13394826
5148 13399983
5149 13405134
5150 13410361
5151 13415523
5152 13420684
5153 13425926
5154 13431180
5155 13436400
5156 13441565
5157 13446727
5158 13452034
5159 13457195
5160 13462376
5161 13467592
5162 13472759
5163 13478006
5164 13483202
5165 13488395
5166 13493566
5167 13498763
5168 13503985
5169 13509159
5170 13514359
5171 13519559
5172 13524736
5173 13529989
5174 13535174
5175 13540386
5176 13545652
5177 13550897
5178 13556077
5179 13561376
5180 13566567
5181 13571781
5182 13576993
5183 13582222
5184 13587411
5185 13592605
5186 13597793
5187 13603101
5188 13608298
5189 13613492
5190 13618684
5191 13623889
5192 13629188
5193 13634500
5194 13639699
5195 13644990
5196 13650222
5197 13655537
5198 13660795
5199 13666075
5200 13671309
5201 13676581
5202 13681793
5203 13687001
5204 13692240
5205 13697586
5206 13702815
5207 13708038
5208 13713265
5209 13718531
5210 13723801
5211 13729022
5212 13734322
5213 13739537
5214 13744811
5215 13750068
5216 13755321
5217 13760590
5218 13765818
5219 13771088
5220 13776310
5221 13781588
5222 13786815
5223 13792054
5224 13797413
5225 13802670
5226 13807901
5227 13813170
5228 13818400
5229 13823690
5230 13829060
5231 13834360
5232 13839594
5233 13844832
5234 13850136
5235 13855380
5236 13860644
5237 13865964
5238 13871207
5239 13876448
5240 13881693
5241 13886988
5242 13892295
5243 13897555
5244 13902801
5245 13908112
5246 13913370
5247 13918707
5248 13923960
5249 13929265
5250 13934572
5251 13939846
5252 13945100
5253 13950358
5254 13955614
5255 13960911
5256 13966286
5257 13971619
5258 13976909
5259 13982177
5260 13987439
5261 13992709
5262 13997976
5263 14003253
5264 14008519
5265 14013801
5266 14019094
5267 14024399
5268 14029676
5269 14034947
5270 14040226
5271 14045536
5272 14050826
5273 14056108
5274 14061387
5275 14066763
5276 14072065
5277 14077384
5278 14082690
5279 14087974
5280 14093300
5281 14098590
5282 14103887
5283 14109180
5284 14114528
5285 14119822
5286 14125162
5287 14130473
5288 14135826
5289 14141132
5290 14146427
5291 14151733
5292 14157110
5293 14162412
5294 14167708
5295 14173084
5296 14178479
5297 14183778
5298 14189127
5299 14194459
5300 14199770
5301 14205161
5302 14210487
5303 14215792
5304 14221116
5305 14226493
5306 14231811
5307 14237135
5308 14242445
5309 14247810
5310 14253129
5311 14258457
5312 14263784
5313 14269196
5314 14274568
5315 14279925
5316 14285361
5317 14290680
5318 14296003
5319 14301407
5320 14306822
5321 14312168
5322 14317499
5323 14322910
5324 14328243
5325 14333605
5326 14338933
5327 14344286
5328 14349710
5329 14355106
5330 14360457
5331 14365843
5332 14371186
5333 14376547
5334 14381909
5335 14387249
5336 14392587
5337 14397939
5338 14403303
5339 14408732
5340 14414108
5341 14419494
5342 14424841
5343 14430193
5344 14435552
5345 14440996
5346 14446344
5347 14451708
5348 14457126
5349 14462515
5350 14468026
5351 14473379
5352 14478741
5353 14484130
5354 14489498
5355 14494858
5356 14500386
5357 14505874
5358 14511237
5359 14516758
5360 14522151
5361 14527529
5362 14532904
5363 14538307
5364 14543745
5365 14549112
5366 14554497
5367 14559880
5368 14565257
5369 14570631
5370 14576020
5371 14581396
5372 14586882
5373 14592312
5374 14597691
5375 14603083
5376 14608542
5377 14613936
5378 14619383
5379 14624777
5380 14630211
5381 14635594
5382 14640993
5383 14646387
5384 14651796
5385 14657214
5386 14662637
5387 14668050
5388 14673522
5389 14678969
5390 14684370
5391 14689766
5392 14695226
5393 14700696
5394 14706092
5395 14711537
5396 14716938
5397 14722344
5398 14727811
5399 14733212
5400 14738714
5401 14744170
5402 14749637
5403 14755049
5404 14760506
5405 14765916
5406 14771332
5407 14776760
5408 14782249
5409 14787663
5410 14793100
5411 14798632
5412 14804049
5413 14809532
5414 14814977
5415 14820435
5416 14825853
5417 14831275
5418 14836713
5419 14842195
5420 14847620
5421 14853064
5422 14858528
5423 14863953
5424 14869407
5425 14874867
5426 14880295
5427 14885763
5428 14891215
5429 14896649
5430 14902194
5431 14907627
5432 14913099
5433 14918602
5434 14924038
5435 14929491
5436 14934929
5437 14940476
5438 14945963
5439 14951466
5440 14956911
5441 14962424
5442 14967922
5443 14973425
5444 14978874
5445 14984440
5446 14989895
5447 14995347
5448 15000817
5449 15006314
5450 15011769
5451 15017250
5452 15022834
5453 15028417
5454 15033876
5455 15039427
5456 15044980
5457 15050439
5458 15055945
5459 15061486
5460 15066948
5461 15072414
5462 15077899
5463 15083364
5464 15088837
5465 15094318
5466 15099794
5467 15105266
5468 15110743
5469 15116242
5470 15121717
5471 15127304
5472 15132819
5473 15138301
5474 15143840
5475 15149317
5476 15154824
5477 15160446
5478 15165962
5479 15171446
5480 15176937
5481 15182436
5482 15188005
5483 15193497
5484 15199031
5485 15204561
5486 15210061
5487 15215553
5488 15221122
5489 15226620
5490 15232115
5491 15237616
5492 15243110
5493 15248649
5494 15254153
5495 15259653
5496 15265214
5497 15270753
5498 15276318
5499 15281898
5500 15287410
5501 15292926
5502 15298457
5503 15303962
5504 15309574
5505 15315105
5506 15320667
5507 15326271
5508 15331793
5509 15337330
5510 15342909
5511 15348468
5512 15354000
5513 15359577
5514 15365129
5515 15370649
5516 15376199
5517 15381749
5518 15387386
5519 15393092
5520 15398699
5521 15404234
5522 15409781
5523 15415361
5524 15420922
5525 15426468
5526 15431999
5527 15437541
5528 15443121
5529 15448686
5530 15454225
5531 15459761
5532 15465304
5533 15470940
5534 15476476
5535 15482030
5536 15487571
5537 15493117
5538 15498657
5539 15504242
5540 15509792
5541 15515342
5542 15520954
5543 15526592
5544 15532141
5545 15537688
5546 15543239
5547 15548816
5548 15554369
5549 15559966
5550 15565518
5551 15571078
5552 15576676
5553 15582234
5554 15587856
5555 15593416
5556 15598974
5557 15604602
5558 15610213
5559 15615822
5560 15621391
5561 15626954
5562 15632581
5563 15638202
5564 15643781
5565 15649356
5566 15655085
5567 15660657
5568 15666239
5569 15671817
5570 15677526
5571 15683135
5572 15688718
5573 15694300
5574 15699894
5575 15705534
5576 15711232
5577 15716814
5578 15722470
5579 15728108
5580 15733710
5581 15739296
5582 15744979
5583 15750610
5584 15756196
5585 15761887
5586 15767493
5587 15773134
5588 15778753
5589 15784354
5590 15789949
5591 15795612
5592 15801236
5593 15806859
5594 15812555
5595 15818152
5596 15823757
5597 15829359
5598 15834995
5599 15840603
5600 15846289
5601 15851899
5602 15857515
5603 15863179
5604 15868845
5605 15874515
5606 15880145
5607 15885918
5608 15891535
5609 15897156
5610 15902771
5611 15908384
5612 15914013
5613 15919662
5614 15925308
5615 15930941
5616 15936703
5617 15942377
5618 15948044
5619 15953665
5620 15959290
5621 15964913
5622 15970540
5623 15976177
5624 15981895
5625 15987552
5626 15993243
5627 15998910
5628 16004673
5629 16010304
5630 16015970
5631 16021638
5632 16027364
5633 16033071
5634 16038733
5635 16044428
5636 16050090
5637 16055752
5638 16061558
5639 16067215
5640 16072899
5641 16078553
5642 16084216
5643 16089861
5644 16095523
5645 16101170
5646 16106831
5647 16112525
5648 16118175
5649 16123829
5650 16129526
5651 16135193
5652 16140909
5653 16146573
5654 16152269
5655 16157933
5656 16163594
5657 16169302
5658 16175145
5659 16180865
5660 16186546
5661 16192216
5662 16197901
5663 16203574
5664 16209243
5665 16214910
5666 16220581
5667 16226257
5668 16231946
5669 16237629
5670 16243310
5671 16249044
5672 16254789
5673 16260477
5674 16266156
5675 16271833
5676 16277595
5677 16283281
5678 16288964
5679 16294645
5680 16300367
5681 16306147
5682 16311936
5683 16317639
5684 16323339
5685 16329033
5686 16334876
5687 16340565
5688 16346289
5689 16352066
5690 16357769
5691 16363471
5692 16369172
5693 16374867
5694 16380588
5695 16386304
5696 16392022
5697 16397783
5698 16403582
5699 16409286
5700 16415004
5701 16420762
5702 16426492
5703 16432197
5704 16438000
5705 16443707
5706 16449431
5707 16455216
5708 16460929
5709 16466640
5710 16472501
5711 16478237
5712 16484074
5713 16489889
5714 16495653
5715 16501382
5716 16507110
5717 16512874
5718 16518606
5719 16524361
5720 16530129
5721 16535859
5722 16541591
5723 16547347
5724 16553127
5725 16558893
5726 16564624
5727 16570353
5728 16576098
5729 16581852
5730 16587584
5731 16593326
5732 16599082
5733 16604835
5734 16610574
5735 16616311
5736 16622067
5737 16627938
5738 16633741
5739 16639493
5740 16645235
5741 16651003
5742 16656793
5743 16662541
5744 16668398
5745 16674148
5746 16679922
5747 16685690
5748 16691449
5749 16697251
5750 16703018
5751 16708771
5752 16714601
5753 16720363
5754 16726177
5755 16732025
5756 16737792
5757 16743559
5758 16749322
5759 16755183
5760 16760945
5761 16766711
5762 16772487
5763 16778259
5764 16784084
5765 16789907
5766 16795736
5767 16801577
5768 16807347
5769 16813121
5770 16818916
5771 16824689
5772 16830478
5773 16836253
5774 16842039
5775 16847860
5776 16853654
5777 16859443
5778 16865231
5779 16871104
5780 16876894
5781 16882680
5782 16888471
5783 16894406
5784 16900195
5785 16905990
5786 16911831
5787 16917686
5788 16923479
5789 16929293
5790 16935105
5791 16940918
5792 16946734
5793 16952597
5794 16958413
5795 16964213
5796 16970018
5797 16975873
5798 16981690
5799 16987498
5800 16993365
5801 16999168
5802 17004999
5803 17010846
5804 17016652
5805 17022545
5806 17028372
5807 17034201
5808 17040062
5809 17045873
5810 17051706
5811 17057522
5812 17063380
5813 17069312
5814 17075128
5815 17080977
5816 17086795
5817 17092678
5818 17098529
5819 17104404
5820 17110233
5821 17116074
5822 17121971
5823 17127835
5824 17133778
5825 17139629
5826 17145575
5827 17151412
5828 17157261
5829 17163220
5830 17169052
5831 17174990
5832 17180824
5833 17186685
5834 17192587
5835 17198432
5836 17204330
5837 17210295
5838 17216138
5839 17222008
5840 17227853
5841 17233725
5842 17239641
5843 17245509
5844 17251374
5845 17257248
5846 17263099
5847 17268955
5848 17274858
5849 17280712
5850 17286574
5851 17292456
5852 17298386
5853 17304257
5854 17310120
5855 17315980
5856 17321838
5857 17327719
5858 17333586
5859 17339517
5860 17345426
5861 17351301
5862 17357176
5863 17363060
5864 17368976
5865 17374903
5866 17380771
5867 17386692
5868 17392573
5869 17398500
5870 17404375
5871 17410371
5872 17416248
5873 17422184
5874 17428126
5875 17434032
5876 17439913
5877 17445868
5878 17451755
5879 17457648
5880 17463533
5881 17469431
5882 17475324
5883 17481317
5884 17487239
5885 17493126
5886 17499077
5887 17505035
5888 17510928
5889 17516819
5890 17522744
5891 17528637
5892 17534607
5893 17540505
5894 17546408
5895 17552318
5896 17558219
5897 17564131
5898 17570052
5899 17575953
5900 17581862
5901 17587803
5902 17593773
5903 17599932
5904 17605841
5905 17611766
5906 17617706
5907 17623733
5908 17629646
5909 17635557
5910 17641484
5911 17647435
5912 17653349
5913 17659286
5914 17665216
5915 17671140
5916 17677083
5917 17683038
5918 17688958
5919 17694937
5920 17700859
5921 17706855
5922 17712782
5923 17718837
5924 17724912
5925 17730847
5926 17736810
5927 17742812
5928 17748758
5929 17754701
5930 17760684
5931 17766617
5932 17772596
5933 17778576
5934 17784670
5935 17790610
5936 17796589
5937 17802540
5938 17808492
5939 17814459
5940 17820432
5941 17826421
5942 17832374
5943 17838363
5944 17844348
5945 17850318
5946 17856281
5947 17862286
5948 17868236
5949 17874389
5950 17880611
5951 17886576
5952 17892533
5953 17898498
5954 17904454
5955 17910414
5956 17916384
5957 17922379
5958 17928350
5959 17934388
5960 17940353
5961 17946364
5962 17952364
5963 17958338
5964 17964333
5965 17970300
5966 17976283
5967 17982252
5968 17988245
5969 17994300
5970 18000272
5971 18006278
5972 18012259
5973 18018250
5974 18024235
5975 18030236
5976 18036264
5977 18042253
5978 18048248
5979 18054232
5980 18060254
5981 18066251
5982 18072281
5983 18078293
5984 18084327
5985 18090341
5986 18096374
5987 18102363
5988 18108368
5989 18114359
5990 18120385
5991 18126394
5992 18132391
5993 18138505
5994 18144519
5995 18150529
5996 18156798
5997 18162809
5998 18168827
5999 18174836
6000 18180838
6001 18186861
6002 18192879
6003 18198910
6004 18204925
6005 18210939
6006 18216998
6007 18223028
6008 18229038
6009 18235127
6010 18241139
6011 18247155
6012 18253179
6013 18259247
6014 18265266
6015 18271283
6016 18277363
6017 18283438
6018 18289461
6019 18295573
6020 18301631
6021 18307657
6022 18313689
6023 18319766
6024 18325899
6025 18331933
6026 18337964
6027 18344026
6028 18350056
6029 18356136
6030 18362184
6031 18368220
6032 18374261
6033 18380296
6034 18386405
6035 18392449
6036 18398544
6037 18404662
6038 18410709
6039 18416783
6040 18422828
6041 18428910
6042 18435001
6043 18441064
6044 18447172
6045 18453226
6046 18459314
6047 18465463
6048 18471614
6049 18477726
6050 18483837
6051 18490077
6052 18496151
6053 18502296
6054 18508395
6055 18514494
6056 18520575
6057 18526762
6058 18532858
6059 18538922
6060 18545055
6061 18551166
6062 18557233
6063 18563403
6064 18569494
6065 18575568
6066 18581636
6067 18587724
6068 18593794
6069 18599868
6070 18606019
6071 18612133
6072 18618215
6073 18624334
6074 18630440
6075 18636528
6076 18642606
6077 18648815
6078 18654911
6079 18661000
6080 18667227
6081 18673338
6082 18679422
6083 18685528
6084 18691658
6085 18697748
6086 18703907
6087 18710063
6088 18716160
6089 18722278
6090 18728392
6091 18734544
6092 18740691
6093 18746838
6094 18753010
6095 18759143
6096 18765320
6097 18771426
6098 18777552
6099 18783850
6100 18789955
6101 18796103
6102 18802245
6103 18808364
6104 18814491
6105 18820833
6106 18826963
6107 18833079
6108 18839192
6109 18845311
6110 18851433
6111 18857562
6112 18863683
6113 18869815
6114 18875931
6115 18882091
6116 18888209
6117 18894381
6118 18900516
6119 18906713
6120 18912892
6121 18919036
6122 18925169
6123 18931297
6124 18937484
6125 18943614
6126 18949742
6127 18955902
6128 18962039
6129 18968222
6130 18974431
6131 18980593
6132 18986887
6133 18993038
6134 18999245
6135 19005382
6136 19011535
6137 19017674
6138 19023837
6139 19029981
6140 19036123
6141 19042269
6142 19048440
6143 19054624
6144 19060799
6145 19066969
6146 19073268
6147 19079437
6148 19085659
6149 19091813
6150 19098002
6151 19104176
6152 19110337
6153 19116718
6154 19122953
6155 19129167
6156 19135343
6157 19141550
6158 19147736
6159 19153897
6160 19160099
6161 19166453
6162 19172655
6163 19178832
6164 19185073
6165 19191253
6166 19197572
6167 19203788
6168 19209965
6169 19216251
6170 19222423
6171 19228623
6172 19234800
6173 19241010
6174 19247204
6175 19253436
6176 19259614
6177 19265846
6178 19272033
6179 19278226
6180 19284525
6181 19290771
6182 19296962
6183 19303147
6184 19309355
6185 19315545
6186 19321744
6187 19327978
6188 19334171
6189 19340449
6190 19346700
6191 19352896
6192 19359112
6193 19365314
6194 19371510
6195 19377799
6196 19384091
6197 19390298
6198 19396501
6199 19402736
6200 19408941
6201 19415153
6202 19421377
6203 19427594
6204 19433807
6205 19440071
6206 19446306
6207 19452535
6208 19458752
6209 19465019
6210 19471262
6211 19477484
6212 19483709
6213 19489994
6214 19496226
6215 19502604
6216 19508948
6217 19515175
6218 19521473
6219 19527704
6220 19533992
6221 19540232
6222 19546479
6223 19552852
6224 19559137
6225 19565375
6226 19571685
6227 19577943
6228 19584182
6229 19590446
6230 19596678
6231 19602918
6232 19609155
6233 19615424
6234 19621685
6235 19627929
6236 19634239
6237 19640490
6238 19646739
6239 19652983
6240 19659308
6241 19665571
6242 19671872
6243 19678231
6244 19684497
6245 19690744
6246 19696999
6247 19703251
6248 19709501
6249 19715830
6250 19722157
6251 19728410
6252 19734687
6253 19740953
6254 19747217
6255 19753481
6256 19759777
6257 19766200
6258 19772596
6259 19778857
6260 19785122
6261 19791399
6262 19797705
6263 19803973
6264 19810338
6265 19816608
6266 19823005
6267 19829344
6268 19835677
6269 19841956
6270 19848426
6271 19854711
6272 19861030
6273 19867308
6274 19873602
6275 19879904
6276 19886185
6277 19892472
6278 19898858
6279 19905152
6280 19911451
6281 19917793
6282 19924117
6283 19930417
6284 19936723
6285 19943031
6286 19949375
6287 19955683
6288 19961981
6289 19968279
6290 19974613
6291 19980914
6292 19987354
6293 19993652
6294 19999990
6295 20006363
6296 20012704
6297 20019033
6298 20025380
6299 20031714
6300 20038050
6301 20044410
6302 20050729
6303 20057136
6304 20063455
6305 20069842
6306 20076213
6307 20082543
6308 20088856
6309 20095297
6310 20101624
6311 20107984
6312 20114306
6313 20120621
6314 20126954
6315 20133413
6316 20139731
6317 20146081
6318 20152401
6319 20158725
6320 20165047
6321 20171542
6322 20177866
6323 20184270
6324 20190612
6325 20196960
6326 20203296
6327 20209701
6328 20216059
6329 20222451
6330 20228810
6331 20235146
6332 20241587
6333 20248070
6334 20254489
6335 20260826
6336 20267191
6337 20273656
6338 20280003
6339 20286462
6340 20292807
6341 20299223
6342 20305593
6343 20311938
6344 20318287
6345 20324666
6346 20331021
6347 20337407
6348 20343766
6349 20350132
6350 20356491
6351 20362887
6352 20369324
6353 20375679
6354 20382042
6355 20388460
6356 20394833
6357 20401192
6358 20407661
6359 20414025
6360 20420471
6361 20426837
6362 20433209
6363 20439601
6364 20446011
6365 20452386
6366 20458808
6367 20465215
6368 20471596
6369 20477979
6370 20484410
6371 20490851
6372 20497243
6373 20503618
6374 20510013
6375 20516390
6376 20522775
6377 20529157
6378 20535546
6379 20541973
6380 20548403
6381 20554786
6382 20561197
6383 20567596
6384 20573985
6385 20580432
6386 20586820
6387 20593216
6388 20599615
6389 20606014
6390 20612423
6391 20618828
6392 20625263
6393 20631668
6394 20638127
6395 20644556
6396 20650971
6397 20657435
6398 20663871
6399 20670275
6400 20676684
6401 20683119
6402 20689576
6403 20695981
6404 20702422
6405 20708832
6406 20715252
6407 20721856
6408 20728273
6409 20734710
6410 20741180
6411 20747647
6412 20754170
6413 20760710
6414 20767148
6415 20773574
6416 20779999
6417 20786471
6418 20792894
6419 20799380
6420 20805805
6421 20812304
6422 20818747
6423 20825232
6424 20831726
6425 20838233
6426 20844661
6427 20851093
6428 20857568
6429 20864035
6430 20870467
6431 20877006
6432 20883479
6433 20889927
6434 20896370
6435 20902980
6436 20909435
6437 20915877
6438 20922435
6439 20928876
6440 20935387
6441 20941870
6442 20948327
6443 20954991
6444 20961449
6445 20967956
6446 20974407
6447 20980947
6448 20987404
6449 20993880
6450 21000332
6451 21006879
6452 21013354
6453 21019825
6454 21026375
6455 21033070
6456 21039553
6457 21046037
6458 21052497
6459 21058981
6460 21065460
6461 21071941
6462 21078408
6463 21084889
6464 21091362
6465 21097837
6466 21104427
6467 21110896
6468 21117369
6469 21123861
6470 21130375
6471 21136908
6472 21143428
6473 21150025
6474 21156556
6475 21163156
6476 21169634
6477 21176147
6478 21182706
6479 21189195
6480 21195827
6481 21202313
6482 21208856
6483 21215355
6484 21221841
6485 21228349
6486 21234852
6487 21241426
6488 21247916
6489 21254414
6490 21260929
6491 21267493
6492 21274060
6493 21280684
6494 21287189
6495 21293698
6496 21300243
6497 21306742
6498 21313245
6499 21319831
6500 21326367
6501 21332889
6502 21339480
6503 21346000
6504 21352506
6505 21359028
6506 21365555
6507 21372067
6508 21378584
6509 21385128
6510 21391650
6511 21398209
6512 21404726
6513 21411241
6514 21417765
6515 21424285
6516 21430871
6517 21437461
6518 21444065
6519 21450651
6520 21457190
6521 21463713
6522 21470298
6523 21476856
6524 21483415
6525 21490035
6526 21496566
6527 21503235
6528 21509768
6529 21516386
6530 21522935
6531 21529526
6532 21536087
6533 21542661
6534 21549206
6535 21555746
6536 21562321
6537 21568883
6538 21575423
6539 21582103
6540 21588706
6541 21595327
6542 21601871
6543 21608450
6544 21614996
6545 21621546
6546 21628107
6547 21634663
6548 21641233
6549 21647853
6550 21654405
6551 21660965
6552 21667565
6553 21674138
6554 21680706
6555 21687362
6556 21693923
6557 21700515
6558 21707078
6559 21713647
6560 21720273
6561 21726856
6562 21733479
6563 21740044
6564 21746617
6565 21753197
6566 21759768
6567 21766337
6568 21772922
6569 21779493
6570 21786155
6571 21792781
6572 21799408
6573 21806037
6574 21812648
6575 21819228
6576 21825824
6577 21832403
6578 21838986
6579 21845579
6580 21852205
6581 21858860
6582 21865516
6583 21872167
6584 21878762
6585 21885349
6586 21892029
6587 21898648
6588 21905262
6589 21911905
6590 21918497
6591 21925110
6592 21931912
6593 21938519
6594 21945118
6595 21951766
6596 21958461
6597 21965063
6598 21971687
6599 21978295
6600 21984961
6601 21991567
6602 21998171
6603 22004872
6604 22011552
6605 22018224
6606 22024835
6607 22031451
6608 22038085
6609 22044845
6610 22051548
6611 22058307
6612 22065053
6613 22071715
6614 22078457
6615 22085083
6616 22091704
6617 22098353
6618 22104973
6619 22111621
6620 22118246
6621 22124886
6622 22131610
6623 22138252
6624 22144978
6625 22151653
6626 22158293
6627 22164939
6628 22171572
6629 22178258
6630 22184909
6631 22191574
6632 22198279
6633 22204938
6634 22211577
6635 22218227
6636 22224901
6637 22231594
6638 22238234
6639 22244934
6640 22251587
6641 22258244
6642 22264945
6643 22271613
6644 22278320
6645 22284984
6646 22291808
6647 22298484
6648 22305137
6649 22311822
6650 22318515
6651 22325200
6652 22331863
6653 22338540
6654 22345196
6655 22351944
6656 22358708
6657 22365378
6658 22372074
6659 22378796
6660 22385525
6661 22392204
6662 22398868
6663 22405551
6664 22412242
6665 22418928
6666 22425647
6667 22432458
6668 22439131
6669 22445817
6670 22452511
6671 22459187
6672 22465861
6673 22472556
6674 22479338
6675 22486018
6676 22492757
6677 22499513
6678 22506237
6679 22512944
6680 22519633
6681 22526332
6682 22533019
6683 22539778
6684 22546471
6685 22553277
6686 22560007
6687 22566713
6688 22573419
6689 22580110
6690 22586841
6691 22593537
6692 22600310
6693 22607028
6694 22613737
6695 22620434
6696 22627176
6697 22633875
6698 22640578
6699 22647279
6700 22654008
6701 22660760
6702 22667537
6703 22674286
6704 22680992
6705 22687745
6706 22694527
6707 22701330
6708 22708043
6709 22714761
6710 22721574
6711 22728377
6712 22735109
6713 22741839
6714 22748555
6715 22755287
6716 22762052
6717 22768771
6718 22775494
6719 22782243
6720 22788981
6721 22795781
6722 22802508
6723 22809248
6724 22815977
6725 22822711
6726 22829460
6727 22836322
6728 22843064
6729 22849802
6730 22856553
6731 22863323
6732 22870071
6733 22876823
6734 22883559
6735 22890315
6736 22897129
6737 22903891
6738 22910654
6739 22917419
6740 22924276
6741 22931135
6742 22937987
6743 22944765
6744 22951587
6745 22958371
6746 22965131
6747 22971903
6748 22978661
6749 22985412
6750 22992167
6751 22998947
6752 23005709
6753 23012484
6754 23019293
6755 23026057
6756 23032860
6757 23039634
6758 23046462
6759 23053245
6760 23060050
6761 23066882
6762 23073664
6763 23080454
6764 23087315
6765 23094085
6766 23100853
6767 23107639
6768 23114412
6769 23121209
6770 23127984
6771 23134765
6772 23141582
6773 23148402
6774 23155186
6775 23162125
6776 23168955
6777 23175757
6778 23182546
6779 23189363
6780 23196202
6781 23203036
6782 23209843
6783 23216628
6784 23223525
6785 23230339
6786 23237160
6787 23243965
6788 23250924
6789 23257715
6790 23264510
6791 23271310
6792 23278119
6793 23284945
6794 23291839
6795 23298737
6796 23305535
6797 23312503
6798 23319352
6799 23326215
6800 23333134
6801 23339997
6802 23346818
6803 23353769
6804 23360603
6805 23367413
6806 23374221
6807 23381124
6808 23387937
6809 23394763
6810 23401582
6811 23408395
6812 23415225
6813 23422062
6814 23428932
6815 23435767
6816 23442602
6817 23449424
6818 23456332
6819 23463228
6820 23470128
6821 23477025
6822 23483940
6823 23490772
6824 23497678
6825 23504520
6826 23511419
6827 23518251
6828 23525149
6829 23532032
6830 23538864
6831 23545730
6832 23552578
6833 23559433
6834 23566277
6835 23573193
6836 23580034
6837 23586902
6838 23593793
6839 23600740
6840 23607589
6841 23614432
6842 23621400
6843 23628290
6844 23635136
6845 23641998
6846 23648855
6847 23655704
6848 23662557
6849 23669415
6850 23676308
6851 23683219
6852 23690134
6853 23697035
6854 23704015
6855 23710884
6856 23717789
6857 23724663
6858 23731543
6859 23738404
6860 23745390
6861 23752260
6862 23759135
6863 23766128
6864 23773010
6865 23779891
6866 23786867
6867 23793743
6868 23800613
6869 23807510
6870 23814500
6871 23821373
6872 23828250
6873 23835135
6874 23842062
6875 23848992
6876 23855877
6877 23862771
6878 23869672
6879 23876553
6880 23883438
6881 23890540
6882 23897427
6883 23904416
6884 23911305
6885 23918360
6886 23925297
6887 23932189
6888 23939086
6889 23946003
6890 23952895
6891 23959852
6892 23966749
6893 23973662
6894 23980641
6895 23987546
6896 23994447
6897 24001381
6898 24008296
6899 24015213
6900 24022115
6901 24029021
6902 24035925
6903 24042985
6904 24050002
6905 24057050
6906 24064103
6907 24071181
6908 24078112
6909 24085057
6910 24092055
6911 24098975
6912 24105932
6913 24112980
6914 24119896
6915 24126897
6916 24133815
6917 24140737
6918 24147678
6919 24154756
6920 24161699
6921 24168632
6922 24175556
6923 24182484
6924 24189477
6925 24196425
6926 24203353
6927 24210367
6928 24217361
6929 24224326
6930 24231359
6931 24238292
6932 24245241
6933 24252243
6934 24259313
6935 24266257
6936 24273198
6937 24280137
6938 24287085
6939 24294053
6940 24301097
6941 24308080
6942 24315041
6943 24321994
6944 24328987
6945 24336043
6946 24343014
6947 24349970
6948 24356923
6949 24363874
6950 24370863
6951 24377816
6952 24384811
6953 24391777
6954 24398769
6955 24405729
6956 24412687
6957 24419679
6958 24426639
6959 24433607
6960 24440618
6961 24447588
6962 24454564
6963 24461532
6964 24468557
6965 24475607
6966 24482631
6967 24489614
6968 24496686
6969 24503660
6970 24510648
6971 24517628
6972 24524712
6973 24531750
6974 24538733
6975 24545710
6976 24552731
6977 24559832
6978 24566820
6979 24573817
6980 24580821
6981 24587823
6982 24594807
6983 24601844
6984 24608838
6985 24615825
6986 24622867
6987 24629863
6988 24636996
6989 24644049
6990 24651072
6991 24658122
6992 24665116
6993 24672163
6994 24679166
6995 24686263
6996 24693330
6997 24700329
6998 24707336
6999 24714364
